node_id,0,1,2,3,4,5,6,7,8,9,10,11,12,13,14,15,16,17,18,19,20,21,22,23,24,25,26,27,28,29,30,31,32,33,34,35,36,37,38,39,40,41,42,43,44,45,46,47,48,49,50,51,52,53,54,55,56,57,58,59,60,61,62,63,64,65,66,67,68,69,70,71,72,73,74,75,76,77,78,79,80,81,82,83,84,85,86,87,88,89,90,91,92,93,94,95,96,97,98,99
0,0.000000,36.478851,110.760277,186.463912,243.502668,302.226563,350.076773,418.648965,488.534007,527.485812,53.948723,86.260730,130.036716,181.565119,253.695381,304.778416,373.132414,405.311685,501.396845,557.250423,121.998925,130.758320,174.860554,234.680044,277.557831,325.721553,370.360923,442.838528,523.113039,567.937047,178.929723,202.173926,242.611615,269.804710,306.485574,389.022231,417.555773,458.813213,516.237403,584.581080,243.507745,248.124402,286.990227,326.973229,341.068763,397.182554,460.287768,496.657758,562.599006,619.815277,296.509125,315.640453,342.582021,374.010192,428.796978,446.870830,500.331064,528.854139,585.603077,626.784243,369.060349,368.080620,396.145861,430.287935,458.929571,500.944191,524.740283,578.925072,614.525070,687.609079,410.786506,427.127344,472.955538,472.803882,520.892917,534.546895,583.978813,623.455708,677.547174,711.793486,492.924013,512.225688,528.460111,538.994299,570.276730,585.221443,640.227593,677.376983,708.522071,769.545339,568.024159,545.969347,569.625309,589.507846,598.173476,655.875567,692.037338,727.413682,752.085265,814.810589
1,36.478851,0.000000,75.508479,150.263455,207.085156,265.779219,313.601358,382.182009,452.055563,491.015425,71.103461,61.349145,97.305253,147.343758,218.981826,268.742893,337.380945,369.258960,465.255911,521.032822,124.788659,120.755704,152.241176,204.528414,244.333231,292.903183,335.778388,407.833322,487.964184,532.077793,182.352886,190.111675,224.952688,245.320273,277.028661,358.202479,384.679320,425.707417,482.642808,549.819409,241.648572,236.267933,272.479947,304.158060,315.166857,368.773371,429.328164,464.219806,529.140922,586.078513,296.442360,305.817802,327.160508,356.092796,405.102011,421.464521,472.275795,499.049855,554.706782,594.348805,368.562405,360.718086,383.092436,413.821807,438.281296,476.009749,498.568994,550.578721,584.660474,656.359259,409.113244,420.851514,461.641298,456.686498,501.564760,511.715901,560.062960,597.805826,649.472183,682.677687,490.640344,506.300789,518.682911,524.434323,552.860102,563.843642,616.658792,651.855459,681.733961,742.022818,565.154610,540.016247,559.137167,574.942777,581.983006,636.384922,669.625191,704.083006,727.206627,787.545158
2,110.760277,75.508479,0.000000,77.129892,139.765192,194.109665,243.426120,310.567167,380.882352,419.318022,122.945853,48.938071,28.672486,72.304289,143.498047,194.410727,262.416059,294.900449,391.119864,447.151795,139.748501,111.044462,104.648278,135.324906,169.877290,218.722103,260.298888,332.341200,412.512413,457.261558,188.677935,162.772383,181.933070,186.394498,207.802000,286.262342,310.251587,351.030101,407.567843,474.311046,231.495648,205.217532,233.587914,246.894249,251.741848,300.387921,356.956972,390.109655,454.136102,510.886954,286.737186,275.320313,284.252630,307.355898,344.496544,357.671882,403.848041,428.006485,482.159963,520.127347,355.150627,333.370394,343.506019,366.809420,382.892000,412.607814,432.980194,481.436021,513.348799,583.289001,392.141541,394.161565,424.000020,409.682834,447.944929,451.691820,497.879722,532.615592,580.472089,612.184867,470.730343,478.745358,483.248125,479.585123,502.318962,506.020084,554.786172,586.684356,614.539150,673.632217,542.956202,511.924279,521.808322,529.574663,533.485220,581.471436,609.471518,642.270616,662.831112,719.446445
3,186.463912,150.263455,77.129892,0.000000,66.915743,117.014839,166.643261,233.438997,303.769754,342.190502,199.094344,120.881577,71.210524,38.174982,77.615516,118.617721,187.832171,219.060006,314.993941,370.789827,203.389386,165.488813,125.436036,103.552318,111.905414,159.373458,191.014390,260.581714,339.906790,382.107992,242.737949,192.968140,191.064612,169.907056,165.927437,232.624572,247.401151,286.525611,340.596729,402.889030,269.723510,225.766556,241.990937,227.205807,220.143617,255.562875,300.421097,327.519662,387.282812,442.765588,321.730773,290.336693,283.536515,297.198485,313.723988,320.591881,356.227655,373.945845,423.619206,456.207038,383.594589,348.596448,343.897076,356.391957,359.524916,374.826690,390.646427,431.097326,457.719772,522.637904,415.809646,407.660147,423.855143,397.807044,425.508818,419.007394,460.676882,489.545377,529.463714,557.732859,489.209955,488.874459,484.209936,468.778345,483.211522,475.914955,517.318283,543.060528,566.873900,623.212705,557.528687,520.718545,519.652611,517.053313,516.658743,554.700091,574.215984,603.961249,619.964051,669.338638
4,243.502668,207.085156,139.765192,66.915743,0.000000,63.852699,107.227744,176.901832,245.846984,285.227145,262.692688,186.316139,137.920633,99.179816,85.430672,81.926347,148.885875,173.481238,265.821697,319.868268,270.303856,232.092742,187.086807,142.944558,121.162292,157.163585,166.543091,226.171161,301.173327,335.666409,308.773434,254.077320,244.043536,210.013297,185.084016,231.202141,231.285299,265.662287,313.544379,365.763952,331.656987,282.229167,292.133978,260.295370,243.836658,263.399676,291.241740,308.301488,359.334640,411.564142,381.812805,342.257452,326.847421,333.733911,332.908270,333.420199,356.310884,365.530309,407.924875,431.903124,440.192766,399.274544,386.024963,390.793532,383.631632,385.059744,395.644780,425.924321,445.316419,502.297976,469.760727,456.346003,463.878356,430.064179,448.670833,433.077293,469.379727,491.545220,521.712167,545.319187,539.624553,534.459868,523.997931,500.415522,508.025530,491.206065,524.727580,543.595524,562.550283,615.003148,605.059745,565.111993,556.821159,546.609465,542.800404,571.771162,583.008292,609.308216,620.339028,661.043540
5,302.226563,265.779219,194.109665,117.014839,63.852699,0.000000,50.747430,116.537801,186.776692,225.376337,315.834480,236.838413,185.643711,137.020303,84.503679,32.707456,87.162817,109.671116,202.376673,256.963050,313.116158,271.617785,215.973435,151.209589,106.216940,123.156690,112.616526,164.596250,237.861407,271.922644,344.041239,278.718620,256.956630,210.280553,167.074160,190.547337,179.555564,209.857049,253.842931,302.575480,355.616470,298.269191,299.079511,249.475675,224.721306,228.649328,242.156973,252.552349,298.867787,349.706082,401.178808,349.829630,324.104144,323.155773,305.206826,300.080632,312.155847,315.293659,352.774689,372.428287,452.563538,403.720329,380.115011,376.221318,358.981136,348.152344,354.362243,376.893971,391.628747,444.154913,477.573246,457.029909,453.888238,412.350254,421.714171,398.378891,429.739661,446.617909,470.094175,490.876555,541.433993,530.011535,512.798752,480.811746,481.645545,456.604010,483.405147,497.128329,512.738340,562.523674,602.294666,558.815182,542.276473,524.278499,517.207829,537.701284,542.166806,565.693948,573.184705,608.293038
6,350.076773,313.601358,243.426120,166.643261,107.227744,50.747430,0.000000,70.050087,138.646906,178.001637,365.732667,287.079215,236.091377,187.767112,131.726814,68.986387,76.807696,81.419485,162.911229,214.827834,363.842412,322.225181,265.559488,197.236924,146.324955,149.287267,116.788225,145.711077,208.902187,233.960457,394.074919,326.999396,302.108082,251.559875,200.849663,204.821278,180.632158,202.453652,236.738785,273.279079,403.264290,343.971403,341.433520,284.177218,255.150260,246.804294,243.916534,243.633450,278.863247,325.039827,447.228586,391.858806,361.651884,356.408770,326.992821,317.193914,317.961660,313.345228,342.628645,353.707039,495.797544,443.869176,415.227984,406.175571,382.085304,360.854269,362.471420,375.413152,383.269845,427.465212,518.734999,494.924257,485.838613,439.728418,442.061368,412.327445,438.396137,449.260448,463.897424,480.259249,579.366481,564.640277,543.502686,506.115094,501.774203,469.874509,489.667381,497.402896,508.629621,554.332366,637.469239,592.198442,570.586327,547.180901,537.634707,550.663834,548.396137,568.714176,571.995878,599.421195
7,418.648965,382.182009,310.567167,233.438997,176.901832,116.537801,70.050087,0.000000,70.459778,108.850114,431.792035,352.398394,300.871300,250.343227,186.086271,121.923615,79.684673,51.797734,96.117447,145.454032,424.613408,381.823338,321.066393,246.215151,189.483146,174.387676,121.249319,109.630304,152.161935,167.116433,450.054937,377.915413,346.358761,290.170884,230.692805,207.468612,167.950837,175.371049,193.715498,214.005411,451.676960,388.597098,379.462861,310.941487,276.764592,251.387116,225.986232,211.137550,230.203854,269.683640,491.343158,428.357378,390.733757,378.563178,332.712934,316.582818,301.534501,286.614933,304.187141,304.512671,533.354399,476.066186,439.096984,421.893735,387.967760,352.398130,347.579373,347.216462,346.010135,379.304491,551.949024,522.356219,503.288221,450.727399,442.429969,404.166495,422.256005,424.775925,427.758535,438.465452,605.957072,585.559550,558.129827,512.755153,500.712451,459.508915,469.282658,468.966082,474.430051,514.553096,658.643566,610.713879,581.042634,549.575366,536.465386,538.560523,527.079705,542.880082,540.688527,558.390311
8,488.534007,452.055563,380.882352,303.769754,245.846984,186.776692,138.646906,70.459778,0.000000,39.814956,502.245014,422.857176,371.322503,320.657919,255.230552,191.729770,139.908549,104.309845,63.944774,89.927193,494.376837,451.352946,389.575254,313.086120,255.326854,233.346866,174.577394,132.779309,134.015897,121.193532,518.294234,444.445294,410.153128,351.973649,289.525653,250.771367,203.014039,195.889239,192.571197,183.621480,516.709924,452.198530,439.719777,365.824238,329.413151,293.460281,250.636654,221.633690,217.294361,243.243823,554.002784,487.234615,445.581396,429.103139,372.409139,351.725576,323.063998,298.223310,301.013218,286.407410,592.027870,531.871088,489.839411,467.100504,426.287430,379.446287,368.724689,354.461433,342.555431,360.084511,607.784632,574.596469,548.589351,491.846502,474.966873,429.971353,439.934328,433.710855,423.200111,426.492974,656.933717,632.593579,600.639481,549.400420,530.947605,481.968655,481.549453,472.507498,471.170582,503.689740,705.297020,655.722302,619.980849,582.118928,566.060125,557.931804,537.289537,547.966911,539.639265,545.264021
9,527.485812,491.015425,419.318022,342.190502,285.227145,225.376337,178.001637,108.850114,39.814956,0.000000,540.157513,460.584327,408.961548,357.778322,290.797939,228.330408,171.616736,135.178467,62.457943,59.466845,530.256952,486.936244,424.051228,346.304090,288.110789,261.981008,201.671044,148.292105,126.150125,95.291106,552.245947,476.894943,440.483984,381.161166,317.297603,270.244621,219.666250,205.196257,190.024192,163.952803,547.688625,482.216523,467.321463,390.326558,352.899834,311.305090,259.884489,224.166559,206.589942,223.602125,582.975827,513.645911,469.472584,450.338844,387.645497,364.602732,328.697831,298.823419,293.180691,270.424278,617.918630,555.966256,510.798419,484.728472,440.103660,387.258098,373.323575,351.420406,333.691990,342.109339,631.621394,596.117305,565.761755,506.788362,484.904058,436.426463,441.607654,430.486860,412.529599,411.678729,677.311962,650.481036,615.799561,561.241373,539.083180,485.961897,479.709040,465.830566,460.712517,488.765469,722.680800,672.222659,632.835668,591.296238,573.580417,559.535336,533.809418,541.521198,529.834325,528.815428
10,53.948723,71.103461,122.945853,199.094344,262.692688,315.834480,365.732667,431.792035,502.245014,540.157513,0.000000,79.807418,131.437815,183.720807,255.062218,312.789649,377.992157,412.211399,508.414326,564.803269,71.734993,92.488401,150.658128,222.356432,272.613112,318.425620,368.936624,442.624159,523.041319,572.095326,126.757362,161.815973,207.790240,244.680446,290.483326,375.007031,409.162830,450.775990,509.466342,582.217201,193.361079,206.231147,247.246110,297.804210,317.011302,377.359552,445.869527,486.149955,555.038557,612.976748,244.970091,270.702339,303.073196,337.164808,399.749274,420.599571,478.761347,510.996927,570.131181,615.481873,317.418609,320.648569,353.551897,391.153073,424.967255,473.398803,499.264531,557.464514,596.313613,672.604123,359.578217,378.596515,428.229503,432.976912,484.722750,503.314349,554.211452,596.480306,655.046510,691.424375,441.818218,463.172700,482.189369,497.129426,531.469964,551.544928,609.641345,649.946214,683.321826,745.588787,517.078762,496.850019,523.815076,547.454565,557.839861,619.328077,659.460571,696.136795,723.276074,790.211379
11,86.260730,61.349145,48.938071,120.881577,186.316139,236.838413,287.079215,352.398394,422.857176,460.584327,79.807418,0.000000,51.663190,103.966916,175.661847,233.003222,298.330149,332.427342,428.655175,485.030398,91.664010,69.269441,90.927120,149.072162,195.239677,242.370590,290.568159,364.030471,444.510076,492.670888,143.474238,132.853457,164.171196,184.661798,220.410815,303.451308,333.945988,375.440294,433.556439,504.491033,193.117694,178.414823,212.756748,243.041829,255.298484,310.922010,374.722902,412.320856,479.592435,537.218244,248.719641,248.728473,266.838846,294.995532,344.284649,361.378586,414.089516,442.756028,499.918451,542.297393,319.322239,305.089318,323.660939,353.011741,376.941206,415.712228,438.950543,492.669577,528.422407,602.085429,358.266239,365.733661,402.919337,395.932385,440.235695,450.693715,499.376130,537.907255,591.316367,625.551603,438.675902,451.094776,460.727911,464.120368,491.747645,502.574935,555.868931,591.898509,622.559009,683.404423,512.331382,484.677054,500.682869,514.582879,521.125651,575.040831,608.540051,643.236026,666.944752,728.729533
12,130.036716,97.305253,28.672486,71.210524,137.920633,185.643711,236.091377,300.871300,371.322503,408.961548,131.437815,51.663190,0.000000,52.759237,125.019465,181.352212,247.070085,280.925578,377.197147,433.540667,132.748142,97.340996,77.982289,108.385090,147.526798,195.824506,241.012898,314.066547,394.520837,441.667139,175.756295,139.797229,154.811590,157.736479,181.076359,261.114757,287.655753,328.836078,386.202415,455.256310,211.930688,180.370956,206.781625,218.227233,223.549125,273.466954,332.151826,367.019316,432.565255,489.790272,266.450386,249.876121,256.562509,278.978335,316.052993,329.646662,377.025721,402.363154,457.514250,497.160932,333.211655,308.235402,316.111876,338.504634,354.221354,384.554517,405.361335,454.921190,487.884608,559.081996,369.077548,368.893780,396.713067,381.338813,419.276301,423.246484,469.687683,504.955054,553.936377,586.306148,446.659419,453.056140,456.189743,451.371936,473.718920,477.439356,526.572964,559.038734,587.410190,646.898579,518.199505,486.062473,494.423502,501.285086,504.974718,552.806851,581.082191,614.073015,635.045272,692.623924
13,181.565119,147.343758,72.304289,38.174982,99.179816,137.020303,187.767112,250.343227,320.657919,357.778322,183.720807,103.966916,52.759237,0.000000,72.372601,129.566790,194.392868,228.496207,324.696286,381.082472,176.174139,135.375792,88.447045,71.932637,97.680771,146.600944,188.811000,261.566411,341.978366,388.917479,210.432591,155.898324,152.964227,135.129515,140.973599,215.639439,237.988050,278.726636,335.343671,403.061468,233.141540,187.674669,204.086005,194.057732,191.047883,233.135763,285.789152,317.921109,381.883333,438.740415,284.436062,252.217910,246.749494,262.179570,285.026877,294.610280,335.852260,357.698861,410.717628,447.884940,345.607375,310.527420,307.177957,321.703288,328.397013,349.398580,367.485682,412.540597,442.701643,511.494673,377.645447,369.734796,387.424470,363.601514,394.322950,391.515654,435.242760,467.006436,511.477334,542.009928,451.108570,451.285752,447.723279,434.516178,451.164030,447.561017,492.128871,520.902488,546.948465,604.969768,519.650406,483.289793,483.731776,483.304305,484.034677,525.285924,548.154022,579.300955,597.525950,650.949714
14,253.695381,218.981826,143.498047,77.615516,85.430672,84.503679,131.726814,186.086271,255.230552,290.797939,255.062218,175.661847,125.019465,72.372601,0.000000,64.713096,123.286194,158.432112,254.039244,310.482994,239.461150,196.191981,135.223647,66.780639,37.310365,82.110283,116.800844,189.219917,269.611928,317.044820,264.267828,195.280078,172.577595,128.990469,99.918849,156.272683,170.014097,209.634822,264.870106,330.903781,271.640916,213.774804,215.997372,175.575390,158.478623,182.906498,223.023051,250.207630,311.546922,367.830829,316.684567,266.773718,245.206173,249.375913,248.575981,251.117335,281.008886,296.800173,346.003721,379.350091,368.653576,321.848435,303.302855,305.785569,298.516809,304.089145,317.413735,354.665418,380.243963,445.170251,394.768746,376.861673,380.009752,344.743246,363.796464,350.661049,389.400184,415.383890,452.667274,480.323257,460.933536,452.675311,439.901288,415.017565,422.968104,408.483350,445.529778,468.475905,490.870802,546.427669,524.126477,482.639783,472.029014,461.188680,457.606331,488.587318,503.217680,531.371942,545.439866,592.574812
15,304.778416,268.742893,194.410727,118.617721,81.926347,32.707456,68.986387,121.923615,191.729770,228.330408,312.789649,233.003222,181.352212,129.566790,64.713096,0.000000,69.917704,100.533415,196.709160,252.788624,302.721519,259.902762,199.921216,128.642711,77.769795,90.469008,85.044757,145.710790,223.097818,263.497560,328.955173,259.341493,233.158869,183.014776,135.915646,158.497200,150.992287,183.997048,231.783401,287.048326,335.023177,275.078308,272.710503,218.898589,192.878473,196.058459,212.594344,226.706286,277.763981,330.762903,378.360228,323.246500,294.832690,292.226755,272.513352,267.481484,281.162896,286.374719,326.596971,350.037345,426.958774,375.915898,349.882507,344.503087,326.357968,315.901229,322.791690,347.563485,364.557797,420.390927,450.446137,428.041790,422.711839,380.194984,389.011154,365.947293,397.953224,416.006485,441.981681,464.324865,512.509314,499.712031,481.343661,448.421570,448.943612,424.198011,451.971170,467.014454,483.847186,534.895944,572.226361,528.115815,510.341987,491.691843,484.513619,505.284480,510.677504,534.827437,543.343833,580.826693
16,373.132414,337.380945,262.416059,187.832171,148.885875,87.162817,76.807696,79.684673,139.908549,171.616736,377.992157,298.330149,247.070085,194.392868,123.286194,69.917704,0.000000,36.462365,130.768403,187.207757,361.253901,317.518875,253.261656,174.787494,116.528207,94.985232,43.825268,77.492242,153.251231,194.876463,380.883730,305.320395,270.246596,212.408660,151.418670,133.170921,103.988340,126.783767,166.955434,217.415983,376.877529,312.309769,300.954309,231.256992,197.306699,176.667406,167.147416,168.783925,211.728277,262.811990,414.318254,349.363868,311.054954,299.282246,258.074907,245.097397,241.490693,236.788792,268.689844,285.484728,454.363516,396.472449,359.698337,344.017699,313.520670,286.160942,286.332056,298.872653,308.630624,357.701634,472.381898,442.731006,425.142437,374.420215,370.941157,337.898388,362.213498,372.453559,388.591609,406.802879,526.421660,506.771574,480.851826,438.354644,430.186219,394.971884,413.037743,420.739271,432.759813,479.864563,579.874538,532.463080,505.219652,477.281093,466.080845,475.465398,471.730153,491.909783,495.562225,525.279846
17,405.311685,369.258960,294.900449,219.060006,173.481238,109.671116,81.419485,51.797734,104.309845,135.178467,412.211399,332.427342,280.925578,228.496207,158.432112,100.533415,36.462365,0.000000,96.316344,152.615272,397.181778,353.528400,289.580486,211.246080,152.990560,129.117453,71.719096,65.708608,129.217249,163.375779,417.327610,341.724184,306.102973,247.672594,185.423225,155.865156,116.622441,127.983757,155.991077,193.996227,412.970462,348.067272,335.521424,263.225543,227.870404,199.762101,176.170371,166.706426,197.481869,244.078060,449.710175,383.339803,343.137420,329.064694,281.006338,264.814304,251.796080,240.090495,263.758757,272.358782,488.248138,429.088538,389.760734,370.999560,336.221989,301.332892,297.659545,301.586016,305.001888,346.285735,505.047957,473.690689,452.495973,399.234696,390.700576,353.163337,372.836455,377.920170,386.315332,400.587413,556.863919,535.231617,506.885457,460.984052,449.090325,408.947037,421.147480,423.790903,432.021018,475.453694,608.266282,559.938674,529.413107,497.812265,484.870745,488.439628,479.347264,496.779889,496.945244,520.156163
18,501.396845,465.255911,391.119864,314.993941,265.821697,202.376673,162.911229,96.117447,63.944774,62.457943,508.414326,428.655175,377.197147,324.696286,254.039244,196.709160,130.768403,96.316344,0.000000,56.444407,491.497112,447.643746,382.482709,302.861331,244.792326,212.184324,151.484667,88.944189,70.075481,71.183989,508.589686,430.677988,390.975874,330.469514,265.413823,211.192009,159.505067,142.836303,130.301888,122.883360,498.579413,431.984249,414.018273,334.238311,296.156676,251.040097,197.452000,162.461485,153.351216,181.627616,530.873988,458.829888,412.474686,391.446947,326.088749,302.496849,266.502355,237.981534,237.414197,223.073896,562.272890,498.871263,451.572191,423.858448,378.104557,324.850051,311.368070,292.443582,278.826490,297.164898,574.152364,537.073398,504.607766,444.993649,422.448101,374.182971,380.563287,371.715074,359.311852,362.728630,617.489442,589.520386,553.982364,498.875664,476.689627,424.239573,420.230511,409.343342,407.314209,439.901834,661.477773,610.752466,570.566854,528.851293,511.250927,498.603692,475.271916,484.912969,475.876891,481.708305
19,557.250423,521.032822,447.151795,370.789827,319.868268,256.963050,214.827834,145.454032,89.927193,59.466845,564.803269,485.030398,433.540667,381.082472,310.482994,252.788624,187.207757,152.615272,56.444407,0.000000,547.723443,503.839943,438.438158,358.620961,300.718410,266.484256,206.189703,138.589885,85.637169,36.907881,563.987884,485.471246,444.585074,383.709140,318.343851,257.939412,205.266082,180.623466,150.369141,107.641168,552.126891,485.130794,465.345186,383.547036,345.029670,294.979831,232.428115,189.159582,156.873083,166.378254,582.714397,508.801176,460.396664,436.848825,365.524074,339.417199,294.343054,258.907989,244.277067,215.034087,611.186371,546.359913,496.121389,464.908494,415.058264,354.655968,336.833998,306.477101,283.284390,285.043459,620.962142,581.636018,544.445586,482.626100,453.888923,401.400501,400.777665,384.498467,359.960647,356.167513,660.364809,629.674910,591.062413,532.146458,505.215015,447.415784,434.745883,416.302327,408.056250,432.935403,700.689508,649.145513,604.662603,558.403638,538.678890,517.726181,486.877636,491.816546,477.401138,472.040533
20,121.998925,124.788659,139.748501,203.389386,270.303856,313.116158,363.842412,424.613408,494.376837,530.256952,71.734993,91.664010,132.748142,176.174139,239.461150,302.721519,361.253901,397.181778,491.497112,547.723443,0.000000,43.966109,111.002607,190.956558,247.511514,288.010382,344.282710,417.595493,496.726893,550.495020,57.735302,97.168261,147.645598,194.849072,250.097308,334.305076,374.562080,415.743076,475.004373,552.223815,121.861914,138.418089,180.666804,241.199014,265.797771,329.646795,403.210891,447.505637,519.002839,577.171720,174.518283,200.043574,235.982914,272.031786,341.447232,364.937095,427.458263,463.447232,524.653313,574.368469,247.068992,249.006218,283.895503,323.711416,361.638284,415.835649,443.582976,505.498195,547.546671,626.816657,288.815949,306.864595,357.303637,364.837084,419.137082,441.934680,493.891379,538.593457,601.316284,639.707505,370.985969,391.497627,410.708164,427.511401,463.723400,487.731797,548.290816,591.348417,626.731076,689.957641,446.140853,425.189843,452.435587,477.646276,489.020531,552.985788,596.181186,633.856962,663.106033,733.784349
21,130.758320,120.755704,111.044462,165.488813,232.092742,271.617785,322.225181,381.823338,451.352946,486.936244,92.488401,69.269441,97.340996,135.375792,196.191981,259.902762,317.518875,353.528400,447.643746,503.839943,43.966109,0.000000,67.389079,147.073287,203.548887,244.261840,300.325221,373.670573,452.889908,506.530532,78.473234,71.429143,115.305202,155.445489,207.751876,292.322986,331.446300,372.759004,432.002556,508.705514,123.909257,117.391463,156.571016,206.026244,227.439462,289.915448,361.914009,405.259334,476.316118,534.495336,179.493543,185.710312,212.345238,245.251095,307.716995,329.376865,389.533619,423.920311,484.438850,532.873181,250.405223,239.995172,265.390712,300.314488,332.542228,381.633329,408.135673,468.005962,508.619068,586.811304,289.878968,300.097580,342.552866,342.588136,392.743473,410.862641,461.893319,504.713537,564.846037,602.207255,370.840086,385.549232,398.755527,408.297977,440.562264,459.131287,517.212383,558.015714,592.007653,654.653826,444.997038,419.261938,439.593068,458.798956,467.852953,527.531329,566.986441,603.656885,631.030591,699.001924
22,174.860554,152.241176,104.648278,125.436036,187.086807,215.973435,265.559488,321.066393,389.575254,424.051228,150.658128,90.927120,77.982289,88.447045,135.223647,199.921216,253.261656,289.580486,382.482709,438.438158,111.002607,67.389079,0.000000,80.218510,137.719979,177.012147,233.804676,306.843866,385.770377,440.059162,129.047424,67.541726,77.326650,95.223262,141.289732,226.053949,264.149545,305.522700,364.744607,441.324020,144.708064,103.403807,128.970613,152.324517,167.197321,226.701424,296.298918,338.577218,409.243203,467.415921,196.299607,172.140058,180.046836,205.412892,253.964541,272.321678,328.373958,360.393432,419.901833,466.832496,259.383008,230.629428,238.950443,264.221817,286.052261,326.173749,350.540542,407.113309,445.662796,522.382018,293.466547,291.163194,319.381419,307.201117,349.597826,360.016867,409.145531,448.866036,505.053850,540.925867,369.774148,375.131914,378.601467,376.405920,401.863695,411.653909,465.469559,502.711525,534.574258,596.228532,440.709034,408.098910,417.217679,426.654050,431.929655,484.290773,517.766405,552.739404,577.249589,641.188597
23,234.680044,204.528414,135.324906,103.552318,142.944558,151.209589,197.236924,246.215151,313.086120,346.304090,222.356432,149.072162,108.385090,71.932637,66.780639,128.642711,174.787494,211.246080,302.861331,358.620961,190.956558,147.073287,80.218510,0.000000,58.308141,97.456859,153.594208,226.668318,305.828223,359.842725,206.145720,131.701809,105.797444,67.819455,72.696309,154.397692,186.927734,228.536645,287.429021,362.275343,206.470235,147.095904,150.344877,123.657094,119.191103,165.130386,225.673908,263.956089,332.764430,390.778728,250.175278,200.981508,184.228237,194.418311,213.146432,223.585932,268.664723,294.542429,350.938252,393.645746,302.062337,257.047201,243.901708,253.239453,256.759020,278.502650,297.884187,346.543267,380.177279,453.034886,328.986702,313.501514,322.814110,294.387332,322.731814,319.797143,364.195696,397.534392,445.553700,478.187425,397.024020,391.665062,383.149164,365.351157,379.989218,375.670823,421.124611,451.572724,479.224450,538.527031,462.118367,422.569996,417.532956,413.512025,413.235818,453.364347,476.760426,508.456928,527.889779,584.275164
24,277.557831,244.333231,169.877290,111.905414,121.162292,106.216940,146.324955,189.483146,255.326854,288.110789,272.613112,195.239677,147.526798,97.680771,37.310365,77.769795,116.528207,152.990560,244.792326,300.718410,247.511514,203.548887,137.719979,58.308141,0.000000,48.952876,97.164207,170.914829,250.973770,303.070316,264.453834,189.120757,157.496973,105.274426,64.319532,120.730432,140.401274,181.379647,238.717730,309.608264,262.194059,199.716651,195.109983,144.094471,123.302888,145.690519,189.292461,220.246483,285.041394,342.345750,302.882641,245.554098,217.889439,218.068204,211.849194,213.834610,244.643051,262.326990,313.620821,350.251193,349.517110,298.205504,274.157535,272.891953,262.547671,266.785199,280.383760,319.191929,346.602592,413.995863,372.676375,350.877638,348.987526,310.814869,327.509205,313.408251,352.134575,378.632886,417.597774,446.398153,435.308938,424.031912,408.405420,380.616428,386.896009,371.279269,408.317687,431.885870,455.039188,511.337151,496.183289,453.153976,439.315075,426.099607,421.746350,451.480147,465.948609,494.280227,508.841488,557.456234
25,325.721553,292.903183,218.722103,159.373458,157.163585,123.156690,149.287267,174.387676,233.346866,261.981008,318.425620,242.370590,195.824506,146.600944,82.110283,90.469008,94.985232,129.117453,212.184324,266.484256,288.010382,244.261840,177.012147,97.456859,48.952876,0.000000,60.800412,130.771407,208.832975,264.575371,298.503258,219.081332,178.991598,119.182007,56.449660,74.828701,91.837557,133.151271,191.234397,264.833922,286.544313,220.409282,206.403973,137.361972,106.035402,107.036465,141.050140,171.400377,237.225552,294.878826,321.074488,254.444922,216.759207,207.850080,182.050622,178.106744,200.167555,214.694795,264.855603,301.479708,359.428744,301.725494,267.475633,256.903805,235.964480,228.365169,238.539471,272.747666,298.369074,365.057770,377.579178,349.213319,336.636126,291.076361,298.574475,277.333067,312.267660,335.167643,370.586902,398.359460,433.301391,416.175809,394.220079,358.562108,358.500888,335.614132,367.568057,387.790441,409.130928,464.344108,489.167874,443.228694,421.726743,401.351616,394.051549,416.557431,425.852126,452.366030,464.712859,510.493696
26,370.360923,335.778388,260.298888,191.014390,166.543091,112.616526,116.788225,121.249319,174.577394,201.671044,368.936624,290.568159,241.012898,188.811000,116.800844,85.044757,43.825268,71.719096,151.484667,206.189703,344.282710,300.325221,233.804676,153.594208,97.164207,60.800412,0.000000,73.805437,154.112742,206.260658,357.940339,279.324690,239.786518,179.761760,115.634937,89.485246,67.010347,99.128733,149.861190,214.264360,347.344707,281.130798,265.772925,191.617014,156.166173,132.861336,130.085037,141.761474,196.472643,251.765887,381.340541,312.758661,271.511669,257.554502,214.251222,201.682680,202.250241,202.723573,241.555915,266.922706,417.477858,357.584015,318.198761,300.865322,269.696572,244.097645,246.136212,264.443350,279.619115,336.106047,433.537226,401.990520,382.161880,330.750866,327.374993,295.642227,322.041334,335.419118,357.563887,379.301901,485.247184,464.310493,437.464214,394.529629,386.741021,353.102622,374.117522,385.187436,400.131463,450.202170,537.394299,489.561397,461.494834,433.564868,422.638412,433.875630,432.925620,454.800891,460.955098,496.063832
27,442.838528,407.833322,332.341200,260.581714,226.171161,164.596250,145.711077,109.630304,132.779309,148.292105,442.624159,364.030471,314.066547,261.566411,189.219917,145.710790,77.492242,65.708608,88.944189,138.589885,417.595493,373.670573,306.843866,226.668318,170.914829,130.771407,73.805437,0.000000,80.482416,133.821675,429.229703,349.348288,306.813571,245.725002,180.279516,122.345039,71.407445,66.368127,91.107145,142.314961,414.171157,346.946347,326.777794,245.706514,207.446709,163.016309,119.484666,101.865077,134.636434,185.395274,444.124594,370.665766,323.615299,302.631646,240.259946,218.958437,194.067358,176.985593,198.052501,208.952259,473.696748,409.974465,362.885028,336.544345,293.706383,248.114154,240.180183,237.710820,239.342869,282.095286,485.214163,448.333282,417.717691,359.676225,342.453138,299.291770,313.905404,315.146441,320.746072,334.984410,529.136928,502.300934,468.621685,416.621457,398.988684,353.047497,359.906124,359.652483,366.674177,409.747852,574.629941,524.439777,487.293255,449.715413,434.327404,431.009544,417.547544,433.330338,432.079274,454.485097
28,523.113039,487.964184,412.512413,339.906790,301.173327,237.861407,208.902187,152.161935,134.015897,126.150125,523.041319,444.510076,394.520837,341.978366,269.611928,223.097818,153.251231,129.217249,70.075481,85.637169,496.726893,452.889908,385.770377,305.828223,250.973770,208.832975,154.112742,80.482416,0.000000,63.594902,505.953408,425.098468,380.206460,319.056204,254.157940,183.171666,131.355097,99.460234,65.255785,64.796532,486.521432,418.892143,394.812838,310.147459,271.482049,215.975218,148.279439,103.531225,83.314906,117.564783,512.427390,435.331786,384.149923,357.794402,282.365402,255.216438,208.724552,174.441681,167.845103,154.517117,535.493551,469.037265,415.912335,382.218661,330.589300,269.021146,251.515894,225.336087,209.013750,229.166183,542.539898,501.114247,460.869694,398.239866,368.283189,315.916718,317.014782,304.347307,289.274214,293.066501,578.333557,546.099788,506.326915,446.663236,419.661333,362.777581,353.703512,340.241287,337.307846,370.171998,616.598977,564.789114,519.251566,472.796308,453.257692,434.590031,407.660962,415.903376,405.971273,412.362910
29,567.937047,532.077793,457.261558,382.107992,335.666409,271.922644,233.960457,167.116433,121.193532,95.291106,572.095326,492.670888,441.667139,388.917479,317.044820,263.497560,194.876463,163.375779,71.183989,36.907881,550.495020,506.530532,440.059162,359.842725,303.070316,264.575371,206.260658,133.821675,63.594902,0.000000,563.051296,483.065863,439.740969,378.538399,313.194211,245.728682,193.363649,163.027124,123.615550,71.001807,546.715279,479.221541,456.588856,372.638885,333.943411,279.472988,211.235309,164.224741,123.169366,129.473634,574.255080,497.985999,447.369822,421.357164,345.530026,317.874131,267.872784,229.590540,210.176093,178.400361,598.686294,532.461079,479.503631,445.465440,392.915184,328.623931,308.738724,274.016442,248.312539,248.135968,606.088828,564.686260,523.708674,460.566819,428.117032,373.694204,369.980387,351.212306,323.997327,319.414633,641.685606,608.897075,568.206344,507.090955,477.669915,417.616599,401.803317,381.395701,372.015951,396.114371,679.034396,627.028468,579.865217,531.203076,510.476778,486.088081,452.944739,456.742856,441.380107,435.135253
30,178.929723,182.352886,188.677935,242.737949,308.773434,344.041239,394.074919,450.054937,518.294234,552.245947,126.757362,143.474238,175.756295,210.432591,264.267828,328.955173,380.883730,417.327610,508.589686,563.987884,57.735302,78.473234,129.047424,206.145720,264.453834,298.503258,357.940339,429.229703,505.953408,563.051296,0.000000,81.985588,132.504897,190.175416,252.648771,333.248004,378.494374,418.370531,477.157072,557.496006,69.170924,107.704428,149.659233,224.513639,255.235905,321.064782,398.432634,446.031053,519.044891,576.774259,118.289327,156.458832,201.318229,240.296748,319.066320,345.676410,412.538108,452.320934,515.013457,568.763037,190.672464,199.263681,241.848663,286.323745,331.209224,393.130259,422.975092,488.727533,534.031374,615.858996,232.948196,254.744197,310.527569,325.426542,384.117269,413.460929,466.417326,514.057389,581.530545,622.030095,315.190923,338.269404,361.222801,384.159904,424.279706,455.057428,518.882233,565.455978,603.215577,667.265867,390.492532,371.787726,403.346633,433.545740,447.184320,515.638299,563.601224,602.567420,634.653268,709.876518
31,202.173926,190.111675,162.772383,192.968140,254.077320,278.718620,326.999396,377.915413,444.445294,476.894943,161.815973,132.853457,139.797229,155.898324,195.280078,259.341493,305.320395,341.724184,430.677988,485.471246,97.168261,71.429143,67.541726,131.701809,189.120757,219.081332,279.324690,349.348288,425.098468,483.065863,81.985588,0.000000,52.150243,108.191684,171.198906,251.263085,296.840774,336.511257,395.225459,475.804997,77.688254,46.216402,85.494471,146.088682,174.403372,239.944756,316.742045,364.078592,437.062785,494.811078,128.811307,115.965024,141.344707,175.672665,244.858207,269.333164,333.952325,372.256858,434.558009,487.373651,193.498224,172.364628,194.013868,229.421666,264.668269,319.311755,347.688052,411.219121,455.019874,535.946083,229.474182,233.113956,271.677721,271.468682,323.166457,344.767263,396.751727,441.821672,505.906641,545.180664,308.062327,318.372497,328.586619,336.874239,369.743050,390.964805,451.129114,494.394072,530.230978,593.701391,380.774369,351.906517,369.049036,387.371862,396.620707,457.596810,499.299345,536.788271,565.952775,637.253907
32,242.611615,224.952688,181.933070,191.064612,244.043536,256.956630,302.108082,346.358761,410.153128,440.483984,207.790240,164.171196,154.811590,152.964227,172.577595,233.158869,270.246596,306.102973,390.975874,444.585074,147.645598,115.305202,77.326650,105.797444,157.496973,178.991598,239.786518,306.813571,380.206460,439.740969,132.504897,52.150243,0.000000,61.209817,126.584099,202.527407,250.178458,288.779561,346.908424,428.529910,107.604347,42.248947,52.200417,94.034175,122.759123,188.560092,266.161998,314.439447,387.729287,445.172676,145.410363,99.280107,103.073337,131.486366,193.839245,217.538301,281.802187,320.304461,382.761978,436.271789,196.763835,157.575609,161.626663,188.878876,217.318588,268.198398,296.064282,359.123595,402.891146,483.973519,225.833468,217.100081,242.067745,231.774486,278.339445,295.703014,347.054218,391.025464,454.085434,493.137274,298.147486,299.789237,301.394672,300.115341,328.117867,343.908009,402.095380,443.936767,479.085714,542.341406,367.067755,332.379152,339.892895,350.525137,357.032804,413.307084,451.685307,488.399854,516.284348,586.139400
33,269.804710,245.320273,186.394498,169.907056,210.013297,210.280553,251.559875,290.170884,351.973649,381.161166,244.680446,184.661798,157.736479,135.129515,128.990469,183.014776,212.408660,247.672594,330.469514,383.709140,194.849072,155.445489,95.223262,67.819455,105.274426,119.182007,179.761760,245.725002,319.056204,378.538399,190.175416,108.191684,61.209817,0.000000,65.445902,143.073132,189.379625,228.543270,287.105125,368.093711,168.458554,101.515457,90.034577,60.544574,72.332478,134.807236,209.438335,256.012409,328.896955,386.700187,202.043675,140.300150,116.850420,127.301216,159.805531,177.123971,234.289707,268.705712,329.813861,380.527151,244.563616,193.453051,176.180401,186.647715,196.558489,231.156539,255.325606,312.909576,353.201064,431.973059,267.493245,247.871206,255.003289,228.472860,261.874788,266.655900,314.759055,353.695526,410.369169,447.014712,331.977232,324.508375,315.346249,299.388480,317.351025,319.972434,371.339254,407.583736,439.380502,501.182980,395.485309,355.106438,349.982960,348.230763,349.599602,395.082438,424.641322,458.774215,482.354621,546.051057
34,306.485574,277.028661,207.802000,165.927437,185.084016,167.074160,200.849663,230.692805,289.525653,317.297603,290.483326,220.410815,181.076359,140.973599,99.918849,135.915646,151.418670,185.423225,265.413823,318.343851,250.097308,207.751876,141.289732,72.696309,64.319532,56.449660,115.634937,180.279516,254.157940,313.194211,252.648771,171.198906,126.584099,65.445902,0.000000,84.771491,125.924027,166.345787,225.506113,304.904484,233.896122,166.787256,150.237112,83.343145,58.985624,92.621321,155.386515,197.511286,268.968449,327.118525,265.827814,198.001882,161.468679,156.314723,149.172129,154.681738,196.048917,222.368658,279.956351,325.558803,302.980447,245.706673,214.439889,209.411444,198.605248,209.087168,226.512947,273.847150,308.039561,382.350537,321.458494,294.511520,286.858896,246.705370,263.903719,253.229573,294.985131,326.055605,372.860020,405.658132,378.853318,364.074120,345.734490,316.343453,323.050814,310.465011,351.753038,379.985722,406.818722,465.875229,436.770771,392.233449,375.735008,361.795228,357.731698,389.923551,408.374451,438.701923,456.564109,511.657077
35,389.022231,358.202479,286.262342,232.624572,231.202141,190.547337,204.821278,207.468612,250.771367,270.244621,375.007031,303.451308,261.114757,215.639439,156.272683,158.497200,133.170921,155.865156,211.192009,257.939412,334.305076,292.322986,226.053949,154.397692,120.730432,74.828701,89.485246,122.345039,183.171666,245.728682,333.248004,251.263085,202.527407,143.073132,84.771491,0.000000,52.716358,86.858290,144.389561,226.553609,306.175556,238.672282,212.039502,126.981745,88.310387,43.921556,71.276306,113.343158,185.863516,243.775995,329.489978,252.263336,202.471934,180.286611,125.360586,112.428804,125.374306,142.079491,196.594669,240.787437,353.468396,288.455770,240.590498,216.463254,180.747162,157.722985,164.797875,198.501697,227.132113,298.637915,363.317412,326.001854,298.020345,243.399880,237.910598,208.452809,239.551415,260.486705,296.876185,326.386258,407.110155,381.827472,351.343177,305.633759,297.356537,266.497977,294.059964,312.981630,334.598301,390.609378,454.578372,405.329632,373.574589,344.110482,333.250956,347.577661,352.619491,378.129315,389.893870,436.726290
