node_id,0,1,2,3,4,5,6,7,8,9,10,11,12,13,14,15,16,17,18,19,20,21,22,23,24,25,26,27,28,29,30,31,32,33,34,35,36,37,38,39,40,41,42,43,44,45,46,47,48,49,50,51,52,53,54,55,56,57,58,59,60,61,62,63,64,65,66,67,68,69,70,71,72,73,74,75,76,77,78,79,80,81,82,83,84,85,86,87,88,89,90,91,92,93,94,95,96,97,98,99
0,0.000000,69.475919,104.356328,194.792282,247.489418,303.702345,354.259488,418.328297,499.552491,531.969738,67.017512,109.924124,143.223169,208.337994,242.025184,326.925055,367.832232,433.546169,507.991435,544.036979,143.274954,132.084620,174.461674,216.787259,282.532220,339.476766,380.833358,431.056007,487.303400,553.506620,204.702287,217.701328,239.280539,258.942061,311.742953,363.267274,421.024357,476.213644,532.772666,587.028346,266.645528,255.337087,280.238207,310.048822,364.635218,431.405921,463.246776,486.056767,575.518820,611.488801,308.419592,317.399984,362.652798,369.008153,426.602953,453.318366,490.337578,552.285248,587.971628,656.680142,376.951653,366.919314,382.620443,412.781966,438.457091,485.346125,532.639044,590.617711,640.938921,685.372289,437.399767,429.329946,459.516695,464.482248,520.536045,566.992918,576.919766,619.153490,689.516216,714.525475,474.083458,501.380985,502.432938,526.917454,567.264854,612.048697,634.036131,684.971831,735.444454,780.447746,552.877179,545.306315,585.612007,586.879546,622.151233,656.293791,688.928369,718.486913,746.437883,803.938479
1,69.475919,0.000000,34.953847,130.225161,180.141652,235.585907,287.547997,351.867982,431.721401,464.979811,67.843318,70.735816,75.834191,138.972523,172.549549,257.606852,298.500764,364.399175,438.937833,475.561590,146.094414,101.790680,122.380585,153.864746,215.709628,270.316643,311.886428,361.589143,417.850525,484.117690,193.565247,180.690366,194.550553,200.701540,247.058315,298.149906,352.810084,407.704647,463.468756,517.802276,251.772500,221.467042,234.099586,254.836856,303.690790,368.457420,396.784337,418.882119,507.856864,543.317143,290.972103,289.522440,322.030801,322.475658,371.973923,392.335137,427.152612,487.913012,521.257948,589.043460,359.160567,335.427673,343.955856,367.101948,386.155008,427.955417,473.789206,529.089532,575.836274,619.594566,417.001536,401.397886,426.182533,421.419536,473.458326,512.454336,519.277843,559.161388,626.654643,650.618228,453.194410,474.316615,469.106544,486.757061,521.626909,559.676039,579.130141,627.397248,674.506832,718.141110,531.623669,516.929442,551.883232,545.696343,576.401082,607.240148,635.071424,661.715827,688.281916,743.733511
2,104.356328,34.953847,0.000000,98.748257,146.158165,201.067414,253.690521,318.059374,397.225141,430.839670,92.854108,74.011094,46.153868,104.531676,137.722469,222.653259,263.548145,329.459138,404.013205,440.805218,161.784551,104.920790,106.753190,126.683461,183.985060,236.057211,277.845792,326.817551,382.947573,449.176541,199.899538,172.679139,180.747711,176.594384,217.057747,267.529435,319.452363,374.034817,428.967605,483.387333,254.082096,213.855096,218.176813,232.136078,276.277198,339.245718,364.837908,386.338060,474.846592,509.873436,290.966982,283.748147,308.108892,304.817654,348.557367,364.453461,397.597497,457.387773,488.975764,556.010285,357.822313,326.788263,330.948275,349.519665,364.183034,402.399827,447.096994,500.467085,544.682671,587.924218,413.583580,393.991291,415.472276,405.003424,454.269197,488.445286,493.251961,531.505659,596.990729,620.223399,449.177880,466.757891,458.066711,471.644501,503.078681,536.876483,554.695975,601.174812,646.056552,688.752031,526.845434,508.356598,540.121200,529.680372,557.565738,586.325850,611.158482,635.939288,661.592677,715.676755
3,194.792282,130.225161,98.748257,0.000000,56.648394,113.498456,160.037970,223.761390,306.454198,337.645469,191.315153,162.057650,95.089804,71.772802,80.823344,145.904366,185.232681,246.867201,319.628653,352.496912,253.373729,187.935751,159.166337,136.831779,154.132582,175.786691,217.587906,253.708623,305.041464,368.590777,278.872334,229.054480,222.740353,187.168544,193.479910,235.120102,264.061626,313.829110,358.291414,413.056764,323.937510,266.824581,249.905194,240.253938,260.377870,310.301758,318.494786,335.037483,417.908316,448.878179,354.930215,336.022882,338.492025,324.215623,345.241940,341.046558,364.364216,417.018895,437.035437,497.639238,416.695150,370.193689,362.687895,366.711434,365.603709,387.987292,426.212261,469.128943,498.896588,538.374965,466.337148,437.888552,450.177588,423.557166,462.187091,477.726274,474.048500,504.134828,558.619232,577.635596,499.691782,508.283587,490.655482,492.137463,511.837356,529.724306,540.773808,578.953402,613.050323,650.613100,573.999911,546.360666,568.836492,545.998434,564.159124,585.150960,598.295784,615.084280,636.447896,683.699052
4,247.489418,180.141652,146.158165,56.648394,0.000000,57.107686,107.536675,171.908991,252.080766,284.840894,235.172088,197.473240,127.077824,70.137292,51.232442,90.301363,128.859998,190.275315,263.320638,297.164856,286.968705,218.217044,175.844119,134.887716,123.645404,125.579035,165.848913,197.760267,248.434266,311.975312,301.576735,240.153991,226.004620,176.291254,161.863676,195.598658,213.084589,260.525874,302.338017,357.028314,338.649581,273.356231,245.058047,222.627030,228.159839,269.514292,269.948062,284.389542,364.748749,394.530518,364.682912,338.913160,328.187745,308.216768,316.129077,302.031669,320.388994,369.389402,385.223785,443.743832,421.449286,366.477081,352.304194,347.939532,338.346473,352.160775,386.634458,424.483959,448.655524,486.736866,466.079760,432.680203,439.199196,403.991985,436.098165,442.076868,434.537580,460.758449,510.566466,528.021898,497.412395,500.285054,477.655818,472.268594,485.368336,495.085834,502.865121,537.064885,566.643030,602.174189,568.520429,535.662942,552.424334,523.039675,535.881480,552.772739,560.321603,573.499195,592.956031,637.318738
5,303.702345,235.585907,201.067414,113.498456,57.107686,0.000000,56.961436,119.647036,196.158707,230.313130,287.244235,245.574531,176.279163,110.233253,77.251837,42.861444,74.946908,133.453278,206.219841,240.416646,332.067700,262.635646,213.045857,161.771017,122.686676,90.401074,123.847122,144.502395,192.480244,255.199844,338.581963,269.897649,249.829933,190.517561,153.866373,173.393460,170.754474,212.697140,248.467798,302.823238,368.477047,298.002771,260.535974,226.330593,214.148406,241.969525,230.466244,241.083783,316.247668,343.729838,389.728685,358.366395,335.139281,309.819859,302.493973,276.018096,286.935381,329.775915,338.891270,393.584798,440.969793,379.018738,358.523766,345.368435,326.331073,329.205085,358.136963,388.595651,404.413751,440.141640,480.199412,442.470643,443.038754,399.300420,423.481749,417.864453,405.473021,426.266452,469.205679,484.313010,509.156244,506.294962,478.809957,466.125735,471.623030,471.509677,475.134944,503.940830,527.295267,559.850542,576.310898,538.490345,549.064255,512.834585,519.478207,531.381678,532.030674,540.528208,557.387468,597.698650
6,354.259488,287.547997,253.690521,160.037970,107.536675,56.961436,0.000000,64.373028,146.916741,177.717913,342.077287,301.812755,232.036739,167.026474,134.180300,71.490276,71.978541,102.267193,166.636417,194.347083,388.894640,319.475574,269.882883,217.552182,170.954081,118.033823,136.268672,129.931559,163.775055,219.330016,395.195056,325.396567,303.907761,242.256443,196.226013,203.755733,177.363004,206.534715,225.861095,277.759525,423.599655,351.952979,311.518465,272.410418,249.116609,263.339038,237.558502,241.756587,304.968541,326.932218,443.320215,410.030584,381.006541,352.940276,334.907501,297.728961,299.839855,333.208366,331.240608,377.383853,492.192210,427.383784,403.698059,385.223935,359.532845,352.549291,375.005434,395.919193,399.168948,430.310058,528.689726,488.895665,485.953313,436.919126,454.605090,438.264458,420.822503,434.767685,467.612399,478.874454,556.247790,550.091110,519.696052,501.931867,501.214554,491.838607,490.989060,513.148257,528.011664,555.859679,620.807228,580.067672,586.269753,545.004813,546.229094,553.277055,546.635274,549.546781,562.960183,597.410671
7,418.328297,351.867982,318.059374,223.761390,171.908991,119.647036,64.373028,0.000000,86.970995,114.033949,406.259800,365.221552,295.801582,229.682975,195.738781,120.003419,97.282116,78.568047,118.404798,136.527166,451.246445,381.825039,330.263826,275.530869,220.745660,154.859301,156.172217,121.389007,130.739342,172.649889,454.337282,382.016826,358.154423,293.945465,238.873409,233.836393,185.230798,196.921917,195.033415,241.365658,479.000575,405.608013,361.132821,316.528117,281.579991,280.434432,240.502727,237.204847,283.402224,298.277785,495.825584,459.660313,422.952715,391.867972,361.648370,313.671413,305.892853,327.303312,312.840092,348.011688,540.620962,472.138441,444.463869,419.627640,386.574220,368.493958,382.988786,392.543517,381.540271,406.883823,572.860779,530.467466,522.901647,467.806780,477.423313,448.851053,425.978467,431.841107,452.678110,459.461843,598.266453,587.653867,553.713352,529.770359,521.547711,501.426498,495.426201,509.648790,514.721332,536.972322,658.854331,614.482778,615.028781,567.924181,562.623817,563.859139,548.840430,545.328284,554.669614,582.156749
8,499.552491,431.721401,397.225141,306.454198,252.080766,196.158707,146.916741,86.970995,0.000000,40.775163,482.119488,437.724853,370.361149,301.992032,266.723550,181.980576,145.507155,84.440233,51.021002,49.974289,519.634265,450.869676,395.329787,337.320795,272.835888,198.865476,180.866940,121.709105,88.846018,97.956232,514.874318,438.678422,411.146120,344.870113,280.123529,259.208552,188.947938,174.706343,141.831625,175.599451,531.742700,456.477552,406.460904,355.230845,306.075723,284.419941,229.416685,216.269029,234.774883,239.384450,543.045603,502.588501,454.612175,420.000868,373.683098,313.643095,293.040912,296.918256,266.617795,286.146315,580.133890,506.921168,473.747939,440.232389,397.927817,365.352115,368.357838,362.307594,333.186026,350.468499,604.880388,559.082510,544.582321,481.878029,479.745962,435.204188,405.805493,400.740796,405.526691,406.606495,626.462379,609.074784,570.389296,537.908219,519.244844,484.892555,472.155106,475.621629,468.188890,483.230174,679.979691,630.698470,622.865367,568.240115,553.941364,547.222113,521.368544,509.601656,513.596975,532.054002
9,531.969738,464.979811,430.839670,337.645469,284.840894,230.313130,177.717913,114.033949,40.775163,0.000000,517.435880,474.240972,406.023280,338.242160,303.226532,219.870451,184.816634,125.170257,80.475761,50.752745,557.464422,488.435055,433.729400,376.198408,312.790337,239.147771,221.624796,161.920208,123.474688,112.383661,554.270309,478.505393,451.318653,385.116608,320.798177,299.806926,228.359915,209.923536,167.564181,191.699667,572.053532,496.871686,447.115237,396.003104,346.516183,322.876855,265.876062,250.721104,258.834827,257.728769,583.695952,543.344832,495.206997,460.450715,412.743155,351.225647,328.220879,327.054332,291.027316,301.450769,620.899832,547.603728,514.204874,480.064662,436.805563,401.981546,402.346784,391.641351,355.366587,368.065698,645.395304,599.420081,584.344805,520.866429,516.863391,468.964631,437.961387,429.379056,427.386309,425.519714,666.717490,648.727237,609.537909,575.873094,555.292223,517.579907,502.896411,502.560506,489.773641,500.953838,719.522465,669.693990,660.588886,604.676327,588.393917,579.577154,550.421178,535.645081,537.370952,551.388863
10,67.017512,67.843318,92.854108,191.315153,235.172088,287.244235,342.077287,406.259800,482.119488,517.435880,0.000000,52.921862,111.871550,180.726655,216.120966,302.457192,342.544124,409.401321,484.001140,523.399620,82.702633,67.120274,118.238683,169.757531,240.605293,305.685440,344.865761,400.387418,458.512615,525.668116,139.643053,152.116653,175.993804,204.430776,264.515035,315.922700,381.000438,436.883396,498.212999,551.341458,201.162586,188.787477,216.924743,251.722385,311.052966,379.688673,417.587209,442.021110,532.320980,569.869023,242.580384,250.392492,296.868690,305.057264,366.618468,398.881184,438.479045,501.877869,542.067583,613.006334,311.273641,299.929185,316.360261,348.278681,376.901789,427.120076,475.465795,536.018571,591.378686,636.944316,371.343176,362.381917,392.553069,398.987168,456.171559,506.254138,518.470320,562.735326,636.244680,662.690182,407.998931,434.532363,435.452714,460.653160,502.294238,549.861049,573.333427,626.117761,679.673495,726.188564,486.828464,478.389227,518.625389,520.734374,557.119711,592.409083,627.419957,658.910407,687.923509,747.224659
11,109.924124,70.735816,74.011094,162.057650,197.473240,245.574531,301.812755,365.221552,437.724853,474.240972,52.921862,0.000000,70.401071,136.017178,171.062475,256.372266,295.622383,362.436584,436.686936,477.325351,91.317138,31.632438,65.936352,117.190036,188.660367,255.708268,293.960116,350.926367,409.461558,476.721887,126.135863,111.712462,129.962455,152.009216,211.662701,263.028717,328.967334,384.882204,447.223583,499.967923,182.119724,151.825746,170.764399,200.907198,258.610542,326.991705,364.738896,389.293702,479.628083,517.344596,220.627190,219.042971,255.531154,259.684991,316.971935,346.728414,385.835239,449.087875,489.174212,560.236794,288.609549,265.680682,276.597622,303.780315,328.543952,376.438697,424.312847,483.995317,538.539619,584.048938,346.271887,331.130113,357.115456,356.514314,411.295629,457.223903,467.956707,511.319489,583.936027,610.123770,382.458727,404.015320,400.113186,420.409235,458.491038,502.124818,524.289672,575.865677,628.067387,674.141346,460.901060,446.873248,483.123832,479.941986,513.391662,546.709628,579.047122,609.098987,637.502206,695.986150
12,143.223169,75.834191,46.153868,95.089804,127.077824,176.279163,232.036739,295.801582,370.361149,406.023280,111.871550,70.401071,0.000000,68.946778,104.302820,190.703294,230.989537,297.781569,372.447855,411.547789,160.653378,93.327981,70.416586,80.562237,139.902009,197.304692,238.104457,290.647076,348.148122,415.089247,183.956725,140.726896,142.540627,131.109422,171.593209,222.469554,277.802060,333.044271,390.768664,444.707526,231.283971,180.939210,177.400484,186.987582,230.140555,293.498219,320.968101,343.221333,432.429889,468.268398,264.686908,251.344974,268.021669,262.079716,302.929404,318.384688,352.000738,412.311040,445.490281,513.609666,329.145956,291.077106,291.425674,306.643256,319.032376,356.304714,400.943988,454.574249,500.063501,543.761751,382.234431,358.895559,377.346277,362.683415,410.239590,442.581636,447.110101,485.427251,551.474411,575.085626,416.995765,431.125893,419.490948,430.003681,459.311249,491.305297,508.730319,555.022934,600.136680,643.130653,493.543220,471.662702,500.727369,487.335250,513.586391,541.383786,565.282235,589.804060,615.443425,669.677047
13,208.337994,138.972523,104.531676,71.772802,70.137292,110.233253,167.026474,229.682975,301.992032,338.242160,180.726655,136.017178,68.946778,0.000000,35.401202,121.759795,162.076380,228.842535,303.518794,342.682583,221.868338,152.450889,106.019628,67.817082,87.990603,131.548950,173.482996,222.914925,279.852663,346.604701,232.055278,170.255628,157.890228,115.891391,126.146084,172.316422,216.058463,270.040211,324.500308,378.872749,268.581351,204.491737,180.938141,168.483043,191.921106,246.976409,264.432439,284.417120,371.794945,406.089939,295.321576,271.494327,268.044730,252.641383,274.846311,275.842940,303.435006,360.055379,387.325218,452.829805,353.573798,302.234381,292.281680,294.967167,294.634197,320.271273,360.711205,407.951744,445.408321,487.368803,400.312992,369.449203,379.778336,351.802995,390.812428,409.481931,408.223848,441.423261,501.169406,522.518489,432.689346,438.897033,419.810829,420.389082,440.471665,460.818817,473.600891,514.546575,553.140568,593.290983,505.659891,476.163790,497.433853,474.258701,493.077358,515.202202,530.995962,550.301861,573.285946,623.495498
14,242.025184,172.549549,137.722469,80.823344,51.232442,77.251837,134.180300,195.738781,266.723550,303.226532,216.120966,171.062475,104.302820,35.401202,0.000000,86.420794,126.898688,193.572700,268.270015,307.282919,255.529707,186.129404,135.846971,87.196538,75.388134,100.625363,143.060932,189.112496,245.388619,311.904692,261.609319,194.896615,177.788158,125.309404,114.658874,154.343803,187.676729,240.154072,291.772312,346.386830,293.760045,225.703031,194.549892,171.591079,181.709647,229.501905,239.551257,257.651904,343.175437,376.251951,317.475118,289.632446,276.970048,257.173586,268.452059,260.470584,283.666384,337.267163,360.368772,423.842438,372.353025,315.762308,301.078359,297.304768,289.964989,308.270957,345.618900,388.456742,420.547277,461.215677,415.744679,381.702128,387.970566,353.574184,387.468845,398.182851,393.495661,423.328726,478.855491,498.703378,446.716850,449.087239,426.505582,421.985233,436.938036,450.600257,460.604300,498.157945,532.663408,570.945960,517.438992,484.439318,501.629139,473.536798,488.203257,507.041018,518.141626,534.314800,555.633846,603.273731
15,326.925055,257.606852,222.653259,145.904366,90.301363,42.861444,71.490276,120.003419,181.980576,219.870451,302.457192,256.372266,190.703294,121.759795,86.420794,0.000000,40.911526,107.194381,181.900516,221.082317,337.716139,268.889330,213.913962,157.071162,101.409859,49.834532,80.987253,107.829210,161.019316,226.649140,335.917315,262.354264,238.151220,174.231754,124.746397,135.445202,127.978031,171.481519,212.392921,267.172198,359.021861,285.651133,242.319624,201.221175,179.118330,201.008416,187.605056,198.551478,275.512517,304.442114,376.123755,340.981909,309.644281,281.459663,266.244920,235.285260,244.478158,286.939321,297.259072,353.869826,422.644155,356.537700,332.252849,314.159921,290.581245,289.128885,316.441824,345.795740,362.231383,398.679478,457.788591,417.553520,414.515041,366.471006,386.796281,377.093540,363.563886,383.550046,426.555584,442.054244,484.987036,478.612714,448.528715,432.152709,434.261880,430.792141,433.396810,461.317288,484.486241,517.362479,549.317143,508.809527,516.074685,476.797586,480.949483,491.175335,490.115281,497.904855,514.565564,554.916725
16,367.832232,298.500764,263.548145,185.232681,128.859998,74.946908,71.978541,97.282116,145.507155,184.816634,342.544124,295.622383,230.989537,162.076380,126.898688,40.911526,0.000000,66.879266,141.468174,181.863163,374.996235,306.722968,250.183655,191.865095,128.544869,57.959831,64.784953,69.563111,120.347422,185.744254,369.478201,293.834561,267.349103,201.590676,142.287487,137.859314,105.694145,140.101741,173.786121,228.337331,388.396606,313.726267,266.515363,219.864879,185.154196,192.293818,166.143313,172.222009,242.508523,268.992186,402.421488,364.551576,325.731174,294.615517,267.758824,226.571067,227.896781,263.119958,266.404321,318.988956,444.735405,375.257734,347.183434,323.081065,292.621738,281.553926,303.053660,324.912782,333.108246,367.138212,475.788871,433.193020,425.958128,372.419731,385.987461,366.548587,348.849120,363.568837,399.841802,413.085746,500.996885,490.654924,457.442706,435.757921,431.759072,420.066830,419.015919,441.899315,459.336608,489.404905,561.818058,518.160554,520.715028,476.580423,475.677229,481.655891,474.721584,478.368386,492.641849,529.243337
17,433.546169,364.399175,329.459138,246.867201,190.275315,133.453278,102.267193,78.568047,84.440233,125.170257,409.401321,362.436584,297.781569,228.842535,193.572700,107.194381,66.879266,0.000000,74.706146,115.534451,440.910545,373.007522,315.732720,256.831890,189.914339,115.365597,97.059338,45.011199,61.581837,121.746571,432.722417,355.716491,327.509468,261.143700,195.702579,176.311746,113.049737,118.393057,123.991856,175.494508,447.797894,372.415381,322.050021,270.901242,223.807209,210.120951,164.115169,158.996909,207.493666,226.182395,458.633793,418.181781,371.421243,337.450951,296.290635,241.916156,229.716194,248.755515,235.933857,276.554209,496.004145,423.300817,391.105937,359.908600,320.990441,295.917452,306.842999,314.067732,304.621273,332.240332,521.921381,476.805329,464.261825,404.182852,407.722929,373.242229,348.793336,353.361556,375.196848,383.299893,544.418053,529.000219,491.939241,463.091952,450.030702,425.248857,417.877727,431.104504,436.972702,460.757928,600.146717,552.579575,548.437613,497.646508,488.879417,487.809718,470.796297,466.762649,476.254247,504.924496
18,507.991435,438.937833,404.013205,319.628653,263.320638,206.219841,166.636417,118.404798,51.021002,80.475761,484.001140,436.686936,372.447855,303.518794,268.270015,181.900516,141.468174,74.706146,0.000000,46.618506,513.809144,446.440509,388.417796,329.144681,260.064787,185.602405,158.149661,94.490804,44.260081,54.259364,502.704459,424.681765,395.088166,328.890883,260.282593,231.448231,154.508868,129.974679,90.820534,126.949598,513.861467,438.285674,385.596338,331.544888,276.127438,245.706608,186.499980,170.380429,183.754095,189.276384,521.500762,478.891791,425.316632,389.410474,336.428926,272.657759,248.000553,247.464790,215.611685,236.906965,553.724925,478.632864,443.005399,405.766616,360.021326,322.419641,321.876425,312.521320,282.202980,300.264803,574.300330,527.165069,509.544664,444.122787,437.556024,388.489458,357.700620,350.694292,354.543942,356.016948,593.853325,573.463581,533.001937,497.384786,475.268964,437.222302,423.140560,425.081451,417.211015,432.833325,643.845659,592.757184,581.752227,524.833313,507.939657,499.301960,471.540300,458.876908,462.602253,481.312218
19,544.036979,475.561590,440.805218,352.496912,297.164856,240.416646,194.347083,136.527166,49.974289,50.752745,523.399620,477.325351,411.547789,342.682583,307.282919,221.082317,181.863163,115.534451,46.618506,0.000000,556.444044,488.470218,431.255996,372.284694,304.404261,229.720549,204.197388,140.747316,89.645292,62.128619,547.314753,469.672653,440.508460,374.197986,306.196662,278.062787,200.845873,172.641714,121.079522,141.124526,559.729181,484.154228,431.819701,378.019761,322.686098,290.608862,229.704240,211.389420,210.228214,207.320467,567.871915,525.425438,471.849928,435.853287,381.577550,316.432197,289.067015,281.979695,242.411166,250.704131,600.342785,525.209583,489.405134,451.578580,404.893492,364.798832,360.966910,345.588255,305.676810,317.428499,620.667580,573.369991,555.117958,488.907972,480.109504,426.999309,394.270093,382.687194,377.486937,375.005896,639.911470,618.828911,577.818051,540.832020,516.397535,474.201790,457.654152,454.636881,439.738164,450.278895,689.004098,637.304784,624.750362,566.334549,546.984357,535.698587,503.749574,487.200931,487.961039,500.876190
20,143.274954,146.094414,161.784551,253.373729,286.968705,332.067700,388.894640,451.246445,519.634265,557.464422,82.702633,91.317138,160.653378,221.868338,255.529707,337.716139,374.996235,440.910545,513.809144,556.444044,0.000000,69.435463,125.418541,184.840677,256.049770,328.857318,363.041329,423.868653,482.834031,549.768200,65.263897,114.888236,147.411300,199.209404,268.871995,316.875871,391.577466,446.745521,513.686836,564.123358,126.463218,138.599148,183.642894,232.247461,299.617996,369.311954,417.522281,444.068640,533.707211,573.178448,168.604319,186.364621,246.850043,263.865617,336.760222,382.004159,426.006537,490.842589,538.622830,612.247024,236.135476,237.770756,262.526264,303.271696,341.971294,400.348294,450.252713,515.642571,580.415991,627.473798,297.253229,294.677011,329.684336,348.070395,409.513670,471.054353,489.282348,537.816501,617.277832,646.347991,333.868440,364.888578,371.728098,404.279080,452.416500,509.678241,537.308207,594.456088,654.814291,704.189119,412.331229,409.364089,454.119516,464.546681,506.399052,545.994717,588.472602,625.041672,656.504446,719.609325
21,132.084620,101.790680,104.920790,187.935751,218.217044,262.635646,319.475574,381.825039,450.869676,488.435055,67.120274,31.632438,93.327981,152.450889,186.129404,268.889330,306.722968,373.007522,446.440509,488.470218,69.435463,0.000000,60.477063,119.157027,191.476383,262.486408,298.432127,357.877840,416.797582,483.966248,94.993050,85.617900,108.972521,143.583543,209.144471,259.360016,330.039785,385.781798,450.689530,502.325973,150.498065,123.993776,149.851368,186.930428,249.243958,318.731969,361.198531,386.771335,477.074263,515.684918,189.214667,189.371391,230.568480,237.947200,300.432707,335.827875,377.047152,441.195244,484.598222,556.944309,257.372555,237.124883,250.686034,281.264781,310.111792,361.666969,410.474169,472.394006,530.965343,577.198009,315.444233,301.692867,329.196211,332.443772,389.142953,439.628201,452.758956,497.999423,573.229446,600.538406,351.750426,374.460935,372.205240,394.941292,435.465032,482.850982,506.683830,560.123507,615.131625,662.439738,430.330087,417.653993,455.356863,454.841022,490.323399,525.315900,560.531895,592.607835,622.032000,682.127629
22,174.461674,122.380585,106.753190,159.166337,175.844119,213.045857,269.882883,330.263826,395.329787,433.729400,118.238683,65.936352,70.416586,106.019628,135.846971,213.913962,250.183655,315.732720,388.417796,431.255996,125.418541,60.477063,0.000000,59.477426,131.361171,203.477987,238.440860,298.622300,357.589859,424.626238,126.120725,70.677134,73.995675,86.194912,148.979347,199.621475,269.562737,325.309711,390.353254,441.870080,165.114318,110.537696,112.111123,135.587658,192.821497,261.519673,301.535759,326.812439,417.172741,455.571671,195.965550,180.932863,201.464866,200.130577,252.318384,280.812359,320.266235,383.811944,425.417911,497.304232,259.248946,221.236700,224.204852,244.789604,265.048166,310.951428,358.563733,418.063763,473.411867,519.214424,311.837164,288.905200,308.898507,299.462636,351.099696,392.844632,402.515946,445.461718,518.079748,544.452066,346.582049,361.357528,351.405021,365.478663,399.251428,438.792444,459.827777,510.534032,562.158034,608.214940,423.228295,402.375756,433.373073,423.973168,454.020604,485.220745,515.071386,544.030316,572.055375,630.166873
23,216.787259,153.864746,126.683461,136.831779,134.887716,161.771017,217.552182,275.530869,337.320795,376.198408,169.757531,117.190036,80.562237,67.817082,87.196538,157.071162,191.865095,256.831890,329.144681,372.284694,184.840677,119.157027,59.477426,0.000000,72.408916,144.018329,179.275223,239.148656,298.115280,365.167487,178.929455,108.159701,91.125651,52.869399,95.354063,146.973880,212.085297,267.992162,331.742251,383.794987,206.899476,138.714023,113.366771,108.843799,149.946154,214.925031,248.143213,272.297347,362.571032,400.163282,230.377101,204.218695,201.718157,189.305275,223.090902,238.499105,273.779425,335.499307,372.830722,443.314020,286.624040,234.469904,225.892817,232.939293,240.133331,275.744650,320.526646,375.242570,424.268741,469.029869,332.556028,301.804314,313.364274,289.717044,333.391882,362.265542,366.574331,405.417238,473.188259,497.797856,364.872647,371.653178,354.012889,358.007277,382.845380,411.425970,428.274554,474.526968,520.642093,564.485413,438.017807,409.529371,432.876919,413.614209,436.583364,462.557408,484.930436,509.256370,535.058314,589.907270
24,282.532220,215.709628,183.985060,154.132582,123.645404,122.686676,170.954081,220.745660,272.835888,312.790337,240.605293,188.660367,139.902009,87.990603,75.388134,101.409859,128.544869,189.914339,260.064787,304.404261,256.049770,191.476383,131.361171,72.408916,0.000000,74.695744,107.093585,168.175076,227.059883,293.803327,242.929455,165.881872,138.804619,73.341858,39.412543,84.681775,140.395167,196.284979,259.335066,311.517637,259.868881,185.419854,140.933182,103.734042,106.475744,159.010986,181.075430,203.526107,293.180604,329.854899,275.098436,239.592837,212.463181,188.088432,193.126026,188.031685,215.851766,273.878596,305.604053,374.280634,321.418244,256.883113,235.914804,225.738479,214.898841,233.867903,273.049839,320.158251,360.722750,404.005182,358.183782,319.813547,320.975971,281.188253,312.570037,323.596352,320.703929,353.439030,414.361780,436.688309,386.631384,383.860967,357.681079,349.187496,361.933205,375.699828,386.815978,426.680805,465.506545,506.396775,453.701459,416.852041,430.327810,399.416558,412.923171,431.751728,444.312300,462.519606,485.302296,535.762388
25,339.476766,270.316643,236.057211,175.786691,125.579035,90.401074,118.033823,154.859301,198.865476,239.147771,305.685440,255.708268,197.304692,131.548950,100.625363,49.834532,57.959831,115.365597,185.602405,229.720549,328.857318,262.486408,203.477987,144.018329,74.695744,0.000000,42.448298,95.443890,154.317127,221.522687,317.625161,240.362904,212.298521,146.004668,84.332630,86.046490,88.275500,139.549964,193.472700,247.563402,332.908699,257.750381,209.166395,161.908739,131.132654,151.637190,144.398904,159.361640,242.905225,275.628091,345.437996,306.889460,268.159206,237.738693,217.165205,185.789105,197.388075,243.926857,261.267574,323.360431,386.834395,317.361945,289.889478,267.965378,241.680440,239.400268,267.763080,300.311128,323.487605,362.588419,418.004968,375.808680,369.879631,319.000531,337.402447,327.648388,315.169325,337.376892,384.994954,402.635262,443.569945,434.403505,402.516339,383.904269,384.648249,381.326048,384.760343,414.614577,441.369321,476.600627,505.444723,463.075377,468.253593,427.576905,431.132900,441.512012,441.711669,451.181042,469.120767,512.014893
26,380.833358,311.886428,277.845792,217.587906,165.848913,123.847122,136.268672,156.172217,180.866940,221.624796,344.865761,293.960116,238.104457,173.482996,143.060932,80.987253,64.784953,97.059338,158.149661,204.197388,363.041329,298.432127,238.440860,179.275223,107.093585,42.448298,0.000000,63.737130,121.407290,187.349160,346.484196,267.809834,237.444205,171.612276,102.156309,79.710675,47.415002,97.101818,153.348275,206.750095,355.722064,280.150191,227.663694,174.734121,127.585040,127.525550,106.621063,118.645482,200.585488,233.192852,363.916309,322.296905,274.397530,240.719744,205.483906,161.786527,165.022410,205.989931,219.598927,280.937029,399.280762,326.255149,294.281949,264.998503,230.410336,216.778348,239.074469,265.048593,282.884592,321.061883,424.933683,380.121230,369.033082,311.855045,322.237648,301.996445,285.397764,303.048608,346.005761,362.414563,447.826425,433.856340,398.389751,373.625587,367.487753,355.580649,355.517724,381.045106,403.580710,437.145887,505.093881,459.166072,458.863217,412.847156,410.963170,417.022006,411.675905,417.618230,433.725263,474.060760
27,431.056007,361.589143,326.817551,253.708623,197.760267,144.502395,129.931559,121.389007,121.709105,161.920208,400.387418,350.926367,290.647076,222.914925,189.112496,107.829210,69.563111,45.011199,94.490804,140.747316,423.868653,357.877840,298.622300,239.148656,168.175076,95.443890,63.737130,0.000000,58.968771,126.090889,409.613891,331.163674,301.075423,235.082369,165.891126,138.468702,68.711802,77.690000,104.594309,159.348609,419.442823,343.875261,291.118536,237.363690,184.681358,165.734534,119.446249,116.320261,175.411102,199.945833,427.125624,384.867930,333.637691,298.599297,253.143330,197.125611,185.017571,207.351656,201.309171,250.154261,460.647874,386.405581,352.353828,318.613980,277.672580,250.970290,262.169516,272.010067,269.321965,300.687353,483.605532,437.500614,422.993388,361.279762,363.141112,328.435305,304.654439,311.281262,338.312586,348.961421,504.809693,487.560087,449.466696,419.161079,405.140917,380.617927,374.039954,389.394929,399.267183,426.014333,558.549696,509.959192,504.445597,452.911140,443.872428,443.146898,427.547760,425.355375,436.364589,468.205353
28,487.303400,417.850525,382.947573,305.041464,248.434266,192.480244,163.775055,130.739342,88.846018,123.474688,458.512615,409.461558,348.148122,279.852663,245.388619,161.019316,120.347422,61.581837,44.260081,89.645292,482.834031,416.797582,357.589859,298.115280,227.059883,154.317127,121.407290,58.968771,0.000000,67.267732,467.886730,389.203653,358.625053,292.981310,222.932468,190.371863,111.534556,86.483953,64.382632,114.050058,475.903865,400.452737,346.668748,291.564686,233.842259,201.476555,142.527427,127.648225,153.915797,167.633058,481.775251,438.337336,382.793692,346.556186,292.265116,228.462228,204.874629,208.931556,184.465296,217.586930,511.969272,436.344155,400.016956,361.947248,315.798371,278.585384,279.672895,274.587411,252.771530,276.287199,531.215660,483.782139,465.568989,399.891753,393.604203,346.478929,316.994797,313.350838,324.664377,329.599374,550.272716,529.390770,488.778940,453.205354,431.821608,396.046789,383.633887,389.241357,387.160267,407.049656,599.702650,548.506119,537.652802,481.212031,465.467377,458.380372,433.527321,423.847800,429.925131,453.367618
29,553.506620,484.117690,449.176541,368.590777,311.975312,255.199844,219.330016,172.649889,97.956232,112.383661,525.668116,476.721887,415.089247,346.604701,311.904692,226.649140,185.744254,121.746571,54.259364,62.128619,549.768200,483.966248,424.626238,365.167487,293.803327,221.522687,187.349160,126.090889,67.267732,0.000000,533.464830,454.538616,423.398948,358.306488,287.619800,251.200141,170.059269,128.888819,64.452992,79.456620,539.157211,464.003791,409.270990,353.123140,291.612212,249.207843,184.754248,162.490018,148.910945,145.345136,542.933226,498.349543,438.680951,401.606086,339.847331,271.113167,238.518296,224.072805,180.997301,189.788018,569.360389,492.645519,454.256176,412.299701,361.911618,315.722583,306.810757,286.287433,243.589233,255.819927,584.515249,535.955225,514.019768,445.026915,430.575941,371.764967,337.277713,322.662589,315.359982,313.148675,601.165016,576.543467,533.615424,492.944884,464.202601,417.251861,398.851247,393.478994,377.614014,388.761971,645.663208,592.019919,575.566267,514.554983,491.904359,478.079086,443.552704,425.664437,425.933510,439.014119
30,204.702287,193.565247,199.899538,278.872334,301.576735,338.581963,395.195056,454.337282,514.874318,554.270309,139.643053,126.135863,183.956725,232.055278,261.609319,335.917315,369.478201,432.722417,502.704459,547.314753,65.263897,94.993050,126.120725,178.929455,242.929455,317.625161,346.484196,409.613891,467.886730,533.464830,0.000000,79.143414,111.754353,175.187256,246.198069,289.016266,368.223694,421.420505,491.271343,538.896169,62.023584,85.206740,138.896494,193.950590,263.407547,331.375996,385.608443,413.068388,500.658462,540.953369,104.048204,122.035961,187.491485,209.018747,286.832948,339.322067,385.299533,449.974618,502.161080,576.746237,172.318382,173.509301,201.035936,245.363237,288.885794,351.009611,401.079173,468.555295,538.489957,586.054420,233.056296,229.416728,264.879187,286.834590,349.565439,416.065403,437.354944,487.829029,570.083090,600.500916,269.736505,299.727291,306.719439,340.790836,390.899718,451.936680,481.382018,540.368327,603.991181,654.676483,348.430279,344.168932,388.960031,400.922531,444.351878,485.393188,530.865954,569.670255,602.199589,666.966867
31,217.701328,180.690366,172.679139,229.054480,240.153991,269.897649,325.396567,382.016826,438.678422,478.505393,152.116653,111.712462,140.726896,170.255628,194.896615,262.354264,293.834561,355.716491,424.681765,469.672653,114.888236,85.617900,70.677134,108.159701,165.881872,240.362904,267.809834,331.163674,389.203653,454.538616,79.143414,0.000000,33.609053,96.250182,167.103958,210.213071,289.105405,342.489621,412.161851,460.046318,98.865648,41.195996,69.160251,118.412944,187.123975,256.255561,308.007772,335.245533,423.646006,463.702985,125.977592,111.244484,144.951722,154.072160,222.627172,267.445713,312.031928,376.912778,426.603548,500.825985,188.574337,154.869834,165.244863,196.517844,229.421522,285.848461,335.637565,400.759076,466.261255,513.503888,241.798094,221.518535,245.583258,246.909202,304.383488,359.112998,375.450936,423.282124,502.390131,531.511970,276.955692,294.392335,288.551012,309.410991,350.202889,400.278824,425.883941,481.510015,540.390800,589.466721,354.276989,336.531567,371.484054,369.251592,405.013035,440.870498,478.557617,512.908711,543.577690,605.751111
32,239.280539,194.550553,180.747711,222.740353,226.004620,249.829933,303.907761,358.154423,411.146120,451.318653,175.993804,129.962455,142.540627,157.890228,177.788158,238.151220,267.349103,327.509468,395.088166,440.508460,147.411300,108.972521,73.995675,91.125651,138.804619,212.298521,237.444205,301.075423,358.625053,423.398948,111.754353,33.609053,0.000000,66.382948,135.801593,177.266910,256.799119,309.697809,379.774231,427.145157,121.105147,48.177227,40.994298,85.034838,153.533258,222.753602,274.490242,301.780951,390.063394,430.147296,139.988352,113.712523,127.702509,129.764275,192.599528,234.593222,278.801339,343.674331,393.019983,467.221914,195.699162,148.939208,150.240198,173.826164,201.276324,255.038745,304.537345,368.782749,433.133779,480.296157,243.599948,216.877457,235.077814,227.100211,281.360942,330.927875,345.411467,392.242014,470.312391,499.073023,277.106769,288.764219,277.484351,292.223883,328.559547,373.882829,397.937039,452.205552,509.446356,557.992876,352.335262,329.122083,359.377978,351.177828,383.456751,417.019013,451.583786,484.247039,514.218230,575.455756
33,258.942061,200.701540,176.594384,187.168544,176.291254,190.517561,242.256443,293.945465,344.870113,385.116608,204.430776,152.009216,131.109422,115.891391,125.309404,174.231754,201.590676,261.143700,328.890883,374.197986,199.209404,143.583543,86.194912,52.869399,73.341858,146.004668,171.612276,235.082369,292.981310,358.306488,175.187256,96.250182,66.382948,0.000000,71.191719,117.667177,193.994353,248.364792,316.960685,365.997204,186.964786,112.145467,70.139734,56.149930,106.627484,175.498521,218.710295,244.981495,334.890913,374.123705,201.904776,167.959574,152.610930,137.205389,171.969112,194.793760,234.144016,297.908627,341.288480,414.120598,250.469476,190.586942,176.839092,180.401648,187.994077,227.346053,273.866048,332.118656,387.610345,433.683430,291.025274,256.404556,264.227966,237.247402,280.580173,312.070522,318.793962,360.211583,431.926850,458.267266,321.517373,324.314195,303.967765,305.672333,330.003976,360.286033,378.569602,426.941338,476.590225,522.216400,392.242238,360.708702,381.668878,360.896041,383.814116,410.420210,434.773985,461.078542,488.076248,544.997009
34,311.742953,247.058315,217.057747,193.479910,161.863676,153.866373,196.226013,238.873409,280.123529,320.798177,264.515035,211.662701,171.593209,126.146084,114.658874,124.746397,142.287487,195.702579,260.282593,306.196662,268.871995,209.144471,148.979347,95.354063,39.412543,84.332630,102.156309,165.891126,222.932468,287.619800,246.198069,167.103958,135.801593,71.191719,0.000000,51.621479,123.003102,177.880490,245.842864,295.359687,253.579316,178.003082,126.351538,77.656156,67.077115,122.462488,153.076396,177.900038,268.279438,306.593816,262.932426,223.064529,185.106822,156.893022,154.287527,149.892581,180.552834,240.881021,277.608220,348.656970,302.554570,233.295709,207.536971,191.504765,176.564895,194.611950,234.598320,283.932464,329.209823,373.737972,334.201552,293.012085,290.122030,245.785772,274.359758,284.257535,282.078161,316.239743,379.939559,403.560461,360.586370,354.009501,325.107184,313.165970,323.542767,336.296082,347.723008,388.571541,429.521666,471.701564,424.617664,385.020189,395.453574,362.014689,374.087173,392.391646,405.187903,424.232733,447.685550,499.484464
35,363.267274,298.149906,267.529435,235.120102,195.598658,173.393460,203.755733,233.836393,259.208552,299.806926,315.922700,263.028717,222.469554,172.316422,154.343803,135.445202,137.859314,176.311746,231.448231,278.062787,316.875871,259.360016,199.621475,146.973880,84.681775,86.046490,79.710675,138.468702,190.371863,251.200141,289.016266,210.213071,177.266910,117.667177,51.621479,0.000000,81.340888,132.481923,203.210814,249.879988,288.657950,214.164832,158.507147,101.934924,47.967303,75.204809,101.914903,127.521447,217.732573,256.625640,291.856408,247.979394,195.404824,161.142436,131.170264,106.552383,131.184191,189.872889,226.145798,297.683520,322.354243,247.953409,214.797971,185.873595,155.778826,157.092265,191.517301,235.637369,277.781161,322.144334,345.734162,300.518165,289.598628,234.567190,251.388388,246.775512,239.440852,269.492038,329.825084,352.697150,368.180068,354.422080,319.883166,298.439117,298.844111,300.060969,307.324314,343.835423,380.872198,421.807649,425.667532,380.648666,383.145150,341.530419,346.105493,358.870727,364.815128,379.971936,401.653565,451.186550
