node_id,0,1,2,3,4,5,6,7,8,9,10,11,12,13,14,15,16,17,18,19,20,21,22,23,24,25,26,27,28,29,30,31,32,33,34,35,36,37,38,39,40,41,42,43,44,45,46,47,48,49,50,51,52,53,54,55,56,57,58,59,60,61,62,63,64,65,66,67,68,69,70,71,72,73,74,75,76,77,78,79,80,81,82,83,84,85,86,87,88,89,90,91,92,93,94,95,96,97,98,99
0,0.000000,47.158002,100.766565,166.790276,242.321970,296.931384,331.082663,422.506332,470.540972,516.248905,72.081310,94.658327,131.166502,172.182769,243.724405,318.399069,360.550284,420.739872,480.253055,536.534873,135.195759,149.941027,188.151118,215.112424,251.650739,338.352269,370.391115,459.899325,501.960028,574.343321,198.274228,205.736094,245.483001,272.915473,309.720793,341.790932,397.478492,474.822441,503.772787,567.686136,276.136148,265.713105,277.681681,333.007790,344.002490,394.954941,464.902030,503.967460,537.268709,601.625405,334.314999,312.476771,353.045801,372.893959,421.965661,458.785484,475.794990,545.019113,591.112190,657.279268,386.624842,368.767622,409.389280,435.878584,465.386813,514.772916,536.855079,571.678122,636.436203,677.839620,456.856258,459.411646,451.293086,497.856989,499.351568,533.938921,578.060463,620.809387,680.083008,729.549617,485.135384,491.098488,530.650685,552.841127,559.700329,600.777141,622.934646,675.129136,689.029844,765.483443,558.137968,548.831673,570.272465,613.879685,620.881299,668.313167,684.638720,713.576211,766.474048,801.826326
1,47.158002,0.000000,56.732033,119.664299,195.164013,250.090712,284.048526,375.437909,423.403990,469.185112,82.512049,83.726560,97.116438,129.971859,198.056298,271.948549,313.657823,373.798202,433.229348,489.533881,134.484662,136.026381,162.210992,177.160979,209.733679,294.553806,325.719197,414.061844,455.846128,527.673627,196.534971,189.401702,217.645327,239.083489,270.186401,300.938951,354.589078,429.960330,458.654435,521.858591,271.343747,250.411171,254.989354,303.118323,309.623057,355.537214,424.642118,461.500834,494.096982,556.718540,332.017927,301.024218,335.643576,347.763910,390.776608,423.864384,437.791815,504.488184,550.204272,614.529767,383.477141,357.365955,388.746238,410.143164,435.363784,481.936667,502.095017,532.975345,597.001356,636.868661,450.466045,447.209399,434.611882,476.131791,473.013574,503.536678,544.275976,584.148686,642.483446,690.185014,480.433042,481.329267,515.424593,531.625480,534.253225,571.806072,589.922631,640.950044,652.440434,726.849841,551.412715,536.105614,555.014753,594.279315,597.542651,640.985340,653.195251,680.258176,731.334877,765.225013
2,100.766565,56.732033,0.000000,76.640904,147.733920,206.578273,238.337152,328.728429,375.400182,422.199855,101.142496,77.579495,51.152132,73.335504,143.120042,218.521319,261.818572,322.102853,381.980912,438.046174,127.742128,112.319206,120.262205,122.369340,153.039750,238.077826,269.709172,359.265032,401.496624,474.640531,181.492608,157.206491,171.133890,186.643107,214.047650,244.364591,297.906299,374.104259,403.014008,467.027750,248.658802,216.428283,212.797032,253.218465,256.198533,299.312529,368.130859,404.784805,437.483698,500.905951,310.382251,269.798344,297.260736,301.607705,339.211035,369.670858,382.010036,447.896071,493.544604,557.852972,359.774910,324.973939,346.384447,362.896872,384.468759,428.897386,447.836870,476.856847,540.633977,580.192217,422.151391,412.716187,395.672981,432.021163,424.880964,452.114082,490.517447,528.814491,586.711871,633.812216,453.625888,449.040689,477.251642,487.656475,486.589046,521.240774,536.560749,586.834141,597.089397,670.679678,521.748409,500.292486,516.547935,551.481262,551.416662,591.489675,600.736029,626.595828,676.627513,709.808236
3,166.790276,119.664299,76.640904,0.000000,75.771433,131.214127,164.509097,255.815672,303.751776,349.562573,177.766473,151.310965,102.409864,72.175509,92.774757,157.873787,196.369992,255.979215,314.811669,371.182765,197.330600,172.556727,157.285625,121.677951,126.536065,194.069422,219.943724,301.520913,341.794779,410.897073,242.655418,203.429736,191.256213,187.227043,190.990776,213.598929,256.013894,321.514233,348.847084,408.716172,299.596309,255.288549,238.232593,257.276089,247.344664,271.125064,334.508773,362.191743,391.623669,447.058689,360.234399,309.595990,324.893017,313.294306,334.020809,352.932917,355.547349,411.604291,455.273078,512.410973,406.028585,361.025320,364.748658,369.679679,380.200086,415.897033,429.132578,446.002629,506.534608,540.732813,461.358553,443.238857,419.151983,444.421369,427.747905,444.600054,473.435113,503.131890,557.520453,598.915079,494.224724,482.180873,500.389861,499.292381,489.490952,515.375142,520.546006,566.970803,570.618920,637.621021,557.501527,527.064862,538.526128,564.631431,557.164574,587.931458,587.508128,608.366744,653.129189,682.102348
4,242.321970,195.164013,147.733920,75.771433,0.000000,61.466779,90.700418,181.100008,228.401939,274.720659,246.612902,215.135478,156.851386,106.968592,55.286379,88.280702,121.882629,180.795523,239.228273,295.595450,254.294818,222.283779,189.949057,130.910419,106.332168,139.301722,157.352526,230.245099,268.995935,336.055566,288.437148,237.836650,203.518764,181.313529,159.714034,171.144240,199.073672,253.494068,279.346726,336.253746,332.004217,278.319280,249.858594,246.242268,224.270554,226.707321,282.031982,301.203655,327.536331,376.909014,389.096539,330.168136,332.482616,305.726145,308.672241,315.550686,308.922327,354.855235,396.191498,447.320200,429.591459,375.438123,361.176494,354.427530,353.732403,379.904106,387.488770,393.208551,450.122403,479.762606,475.910224,449.189858,418.656495,432.071391,406.561036,412.974396,432.255655,453.801556,504.500764,540.921245,509.519394,489.841272,497.332423,484.763261,466.681518,483.680670,479.440937,521.752259,519.707297,580.741986,566.392994,527.142557,533.481501,550.266660,535.712379,557.137725,547.876721,564.049922,603.846216,629.121416
5,296.931384,250.090712,206.578273,131.214127,61.466779,0.000000,36.310749,126.738351,176.049363,220.062623,306.704234,276.183634,218.312444,168.044517,103.869048,84.514040,92.476209,141.953514,195.248109,250.627645,315.754261,283.406470,248.785273,186.026080,152.069174,150.191346,154.161048,203.501695,236.634180,295.129616,348.741083,296.271733,255.979129,226.905215,191.252197,191.784934,200.332843,233.149994,254.933611,303.319615,388.836061,332.782662,300.585819,285.628331,256.856979,240.825104,284.176835,291.143140,311.794664,348.817302,444.273880,382.913634,379.478829,345.127538,335.858997,332.329637,316.704789,349.117760,386.328547,427.546272,482.442300,424.957467,401.619047,387.630249,378.690891,396.081604,398.106088,391.521654,442.826760,465.835019,524.398190,493.600063,459.892197,465.699066,434.372890,432.274479,442.370616,454.949293,500.593879,530.323550,558.084279,534.726705,536.028985,516.107273,492.197803,501.662566,488.802139,526.320552,518.066301,571.173146,611.286219,567.410901,570.555628,580.935212,561.328652,574.912730,557.718996,569.029429,603.088454,623.891878
6,331.082663,284.048526,238.337152,164.509097,90.700418,36.310749,0.000000,91.486055,140.297187,185.188045,337.221172,305.049403,245.408638,193.128036,120.609572,74.722394,64.464548,107.164230,159.095519,214.345409,341.861689,307.624081,268.728382,202.882438,162.981183,139.780955,135.431516,171.705804,202.619894,259.135038,370.460565,315.162964,268.793357,234.672300,190.702040,184.513900,181.686767,203.342240,223.297764,268.785188,404.922783,346.579053,311.133201,287.477793,254.711925,227.894872,263.779939,264.825478,282.851743,315.374520,458.070170,394.514789,385.890354,346.040161,328.703006,319.007915,298.686012,324.063769,359.168363,396.385071,493.529602,433.185927,402.661807,383.711493,369.587666,381.632764,380.599062,367.938136,416.390213,436.620095,531.113478,497.019638,461.047081,461.361164,426.483133,419.262345,424.217347,432.233295,475.322461,502.146294,564.715414,538.308387,534.812988,509.899161,482.430003,487.382682,469.937097,504.844537,493.721088,543.268009,614.537507,567.203658,567.986589,573.930905,551.213844,560.115035,538.731316,547.558345,578.806402,597.601494
7,422.506332,375.437909,328.728429,255.815672,181.100008,126.738351,91.486055,0.000000,49.836340,93.747994,426.335737,392.740761,331.802455,278.308664,200.641694,131.230174,87.125364,62.539804,82.148055,131.122033,426.260160,390.032183,346.188090,278.225996,232.653550,175.800578,152.100063,129.812850,142.986221,179.884242,448.779447,390.190967,335.699801,294.764726,239.207865,220.116711,189.110911,166.909677,175.732140,201.471262,474.044919,412.933129,372.861957,333.905988,294.819622,245.159839,256.483656,237.014958,243.310788,252.951520,522.480891,456.046234,437.876965,388.096999,353.388247,328.555830,296.174090,297.238369,323.043552,342.797149,552.482035,487.659126,443.206621,413.809015,387.742198,385.247976,375.541157,344.257977,381.056074,390.216683,580.953756,540.545975,500.411135,488.269847,445.731383,425.482378,415.723786,409.266088,442.638238,458.437183,613.931536,581.501825,567.466180,531.233952,495.452383,488.254095,458.024088,484.066673,463.809085,499.899253,655.986822,601.625071,596.965253,592.121299,561.899345,558.032288,524.928050,525.957619,547.584622,559.260555
8,470.540972,423.403990,375.400182,303.751776,228.401939,176.049363,140.297187,49.836340,0.000000,48.342873,471.614457,436.999302,375.451355,321.617753,242.614161,168.681766,121.838198,72.545070,48.505739,84.878527,468.114371,430.829111,384.505659,316.379262,269.189519,200.864163,170.957861,117.937611,115.445488,135.037720,486.735726,426.713281,368.587857,325.077258,265.871839,241.726813,199.142714,153.452212,153.755495,164.027794,506.498620,444.452959,402.457822,356.400269,315.252805,256.202252,253.630644,223.303243,222.060815,216.950943,551.882960,484.456659,461.349787,407.131991,364.096237,331.928894,294.141898,281.332846,300.879198,310.028184,578.575349,511.870228,460.481246,426.016579,394.116665,383.811900,369.578648,328.676468,357.977735,360.718301,601.730660,558.212408,516.260614,497.539697,451.531700,424.595973,406.962810,392.592006,419.984571,429.493573,634.102300,598.595640,578.909479,536.915073,497.091050,483.378674,446.612036,467.386346,442.382705,470.691114,671.521720,613.711635,606.109632,595.416776,561.423454,550.644339,511.536927,508.298100,524.468944,532.209377
9,516.248905,469.185112,422.199855,349.562573,274.720659,220.062623,185.188045,93.747994,48.342873,0.000000,519.126659,484.836660,423.417754,369.630416,290.787061,217.021238,170.157129,118.477165,74.875838,75.466785,516.380985,479.157850,432.799188,364.682833,317.403402,247.101472,215.678764,149.480003,133.264479,122.449575,534.977298,474.819566,416.121374,372.095586,312.109979,286.483041,239.654152,181.056659,173.765972,163.851430,553.772813,491.559337,449.105835,400.744479,358.988833,296.184390,285.285008,247.405476,239.187847,216.186842,598.243073,530.590522,505.714820,449.762198,402.735549,366.467997,325.577817,301.828048,314.769406,311.127083,623.737845,556.411919,502.042597,465.072828,429.946540,414.474896,396.993421,348.505096,369.821865,365.112255,644.582439,599.647073,556.885681,534.506817,486.582523,455.270488,431.686202,410.430616,431.434131,433.646480,676.602298,639.629993,616.853111,571.418022,529.048318,510.565400,468.669442,484.405809,454.882625,474.094099,711.551774,651.925167,642.561574,628.042765,591.495287,575.349706,531.274682,524.015268,534.427484,537.677338
10,72.081310,82.512049,101.142496,177.766473,246.612902,306.704234,337.221172,426.335737,471.614457,519.126659,0.000000,39.599093,99.662532,152.416186,231.634692,308.558954,354.153040,413.929829,474.014477,529.274386,63.889567,86.478846,135.009873,180.339665,224.640960,314.271606,349.042398,442.909772,486.221561,562.446395,126.440963,141.101979,191.526841,226.924995,273.944759,308.405356,368.841084,452.519923,482.320055,549.420945,204.514517,198.764128,216.669376,279.186752,296.823867,356.786426,427.661901,472.372975,507.607698,578.211505,262.273150,242.833592,286.427696,312.676704,368.472000,410.626901,433.263825,507.556416,554.219113,625.231378,314.606693,298.774732,344.671859,375.596448,409.829255,462.691116,487.634695,529.680189,595.594630,640.506560,385.178839,389.415602,383.564713,433.423449,439.188294,478.297630,526.942625,574.328550,635.057157,688.010888,413.198035,420.174765,461.831378,487.746979,498.267685,542.942866,570.353606,624.061666,642.019019,722.166689,486.429773,478.834108,501.367603,547.409462,557.247921,608.326929,629.528223,661.002886,716.563308,754.339253
11,94.658327,83.726560,77.579495,151.310965,215.135478,276.183634,305.049403,392.740761,436.999302,484.836660,39.599093,0.000000,62.071069,115.827984,195.385800,272.066406,318.177611,377.551021,437.548320,492.435429,52.493231,55.417393,97.389692,140.830674,185.623659,275.254918,310.259207,404.508303,447.925105,524.647796,112.978699,111.123388,154.656132,188.100261,234.349888,268.811001,329.364925,413.442470,443.294904,510.686417,187.770318,171.422071,183.624895,242.623671,258.426231,317.327976,388.193051,432.775526,468.034420,538.930891,248.300172,219.704582,258.522067,279.303967,331.989157,372.649691,394.296526,468.138855,514.782713,585.636912,299.837176,276.152713,314.753362,342.348201,374.214373,425.860566,450.007466,490.717923,556.526294,601.126928,367.464916,366.566114,356.976544,403.269441,405.930709,442.797660,489.878250,536.144356,596.629376,649.068206,397.079544,399.531776,436.757273,458.202606,465.852163,508.498569,533.786651,587.055622,603.989052,683.491160,468.591077,455.850557,476.397593,519.249994,526.455594,575.073629,593.927791,624.493185,679.279658,716.469903
12,131.166502,97.116438,51.152132,102.409864,156.851386,218.312444,245.408638,331.802455,375.451355,423.417754,99.662532,62.071069,0.000000,53.892481,133.406875,210.008021,256.195707,315.491940,375.480442,430.376247,97.670302,70.158875,69.122136,84.603188,125.767661,215.189986,249.617192,343.260763,386.559701,462.891299,140.390141,107.660326,121.477853,142.526301,179.604585,212.767182,271.266670,353.429066,383.127514,449.899728,201.579579,165.817730,161.888404,206.040065,213.444318,264.454725,334.822290,376.348768,410.796617,479.524014,263.131259,219.564303,246.109939,252.061332,293.708810,328.092347,344.690642,415.009491,461.352639,529.682277,311.413706,274.338776,295.676862,313.955860,338.247537,385.257868,406.270672,440.689511,505.675475,548.030619,372.193501,361.700090,344.561530,381.827178,376.495350,406.432941,447.981665,489.699597,548.917314,598.718708,403.995952,398.262603,426.119796,437.451967,437.955296,474.716415,493.346485,544.872281,557.940615,634.425716,471.354887,449.163274,465.434919,500.989552,502.037892,544.091401,556.235773,583.820116,635.805898,670.748399
13,172.182769,129.971859,73.335504,72.175509,106.968592,168.044517,193.128036,278.308664,321.617753,369.630416,152.416186,115.827984,53.892481,0.000000,79.557817,156.313541,202.350469,261.784346,321.820496,376.911160,148.744597,115.364908,87.532167,54.006930,79.787697,166.504513,199.554303,291.745272,334.757671,410.264201,181.919921,135.139477,119.415173,121.147471,141.118122,171.030626,225.302406,303.962711,333.328561,398.994548,231.234760,183.897828,166.170496,190.722459,187.434321,226.205307,294.809295,331.920994,365.085995,430.615568,290.858071,238.029024,252.885774,244.403863,272.685498,299.051526,309.315814,374.560908,420.233932,485.161923,335.326897,288.937995,294.296595,302.870511,318.620510,359.706790,376.945291,403.787008,467.372875,506.896953,389.382089,371.177083,347.853434,375.912405,362.853484,385.117580,420.200136,456.520143,513.935219,560.543596,422.345045,410.025226,429.305970,431.196746,424.797092,455.171479,466.677066,515.929177,524.741529,597.541918,485.327217,455.449872,467.725327,496.188303,491.424505,526.646856,531.911309,556.206459,604.953828,637.351706
14,243.724405,198.056298,143.120042,92.774757,55.286379,103.869048,120.609572,200.641694,242.614161,290.787061,231.634692,195.385800,133.406875,79.557817,0.000000,76.937713,122.794208,182.313354,242.386445,297.697957,225.771714,189.432891,148.166256,82.711194,51.145318,101.337395,128.839549,216.175775,258.394520,332.277115,250.204111,194.596717,152.212504,126.483195,106.832928,123.506335,163.273350,232.355463,260.750770,323.962175,285.517538,228.921869,197.385686,190.967176,170.096220,180.808978,242.167563,269.704255,299.864024,358.942562,340.440393,279.213707,278.410153,250.439767,255.475371,266.489911,264.853629,318.860673,362.512505,420.742516,378.770852,322.471848,305.929596,299.624923,301.003353,330.505352,340.775741,353.798920,413.856940,448.073341,422.553132,394.522611,363.489666,377.104660,352.781958,362.014208,385.424062,411.898339,465.390987,506.160530,456.217326,435.309380,442.051254,430.082686,413.370843,432.922296,432.677316,477.321494,479.012522,544.948131,511.904121,471.933955,478.205841,495.636307,482.227894,506.209582,500.509862,519.157177,562.089234,590.070665
15,318.399069,271.948549,218.521319,157.873787,88.280702,84.514040,74.722394,131.230174,168.681766,217.021238,308.558954,272.066406,210.008021,156.313541,76.937713,0.000000,46.967046,105.484635,165.507101,220.763840,300.123791,262.357617,216.002505,147.858279,101.483580,66.278095,71.948298,143.648549,184.277107,256.119268,318.436037,259.182316,204.944317,165.975157,116.926604,110.029571,117.065103,165.291794,191.605520,250.954606,343.171385,282.547618,243.882149,214.017989,180.157169,156.489896,201.238180,214.400977,239.546709,289.573818,392.952279,327.470047,314.468188,272.025419,254.464401,248.026195,232.575684,269.927509,309.783154,359.079627,425.364966,362.851767,328.579073,309.002228,296.085264,311.638317,313.757280,310.465976,364.804179,392.378559,459.395969,423.640254,386.919189,386.697794,352.563315,348.113048,358.123067,372.915905,420.842402,454.551517,492.873086,464.936571,460.177715,435.550569,409.327646,417.277038,404.704840,443.306208,437.280428,494.776708,540.948432,492.696076,493.265458,499.813565,478.323112,490.474896,473.610296,485.955266,522.048293,545.007552
16,360.550284,313.657823,261.818572,196.369992,121.882629,92.476209,64.464548,87.125364,121.838198,170.157129,354.153040,318.177611,256.195707,202.350469,122.794208,46.967046,0.000000,60.284857,120.241003,176.227720,347.036904,309.324550,262.677757,194.544751,147.548938,91.224097,75.824839,111.770943,147.881613,214.528864,364.974049,305.260029,248.995938,207.642241,152.803607,136.825663,120.580119,140.679651,162.877046,215.201971,387.336277,325.989066,285.736733,248.652371,211.063999,171.303546,200.641165,200.455861,219.549160,258.228053,435.362464,368.940611,351.824151,304.396844,276.746151,260.664701,236.766232,259.599959,295.055669,335.147258,465.598908,401.275224,360.273831,334.951743,314.949631,321.872932,318.646269,303.561412,352.105411,373.561310,495.672064,456.949277,418.117568,411.313831,372.657731,360.501416,361.758309,367.975137,410.881815,438.494154,528.859410,498.112882,488.100093,457.365213,426.327883,427.328351,407.015209,440.852952,429.259887,479.498396,573.343138,521.588300,519.375064,520.223363,494.490864,499.496944,475.660919,483.544719,514.344158,533.321663
17,420.739872,373.798202,322.102853,255.979215,180.795523,141.953514,107.164230,62.539804,72.545070,118.477165,413.929829,377.551021,315.491940,261.784346,182.313354,105.484635,60.284857,0.000000,60.098389,115.943378,404.675417,366.281265,317.657090,249.963871,201.904228,128.672163,98.476024,70.928061,95.763354,155.383540,419.058954,358.154864,298.089167,253.680202,193.702284,169.193965,129.616871,107.154671,120.826794,161.621113,435.443849,373.154043,330.631003,283.889223,242.896072,186.526056,193.976107,176.141617,185.882481,208.813963,479.832521,412.260072,388.822571,335.119033,294.938921,267.190743,233.765419,236.648872,265.128288,292.948393,506.065385,439.328361,388.951786,356.275646,327.464337,323.003858,313.001809,283.313315,323.218318,336.785527,529.527251,486.661054,445.220657,429.351237,385.338745,363.355570,353.289054,348.445857,384.246764,404.065032,562.018113,527.233250,509.705441,470.899256,433.886752,425.755024,395.858565,423.066310,404.719795,445.513604,600.703810,544.238234,538.098344,531.070140,499.941313,495.496355,463.038109,465.192241,489.080288,503.061980
18,480.253055,433.229348,381.980912,314.811669,239.228273,195.248109,159.095519,82.148055,48.505739,74.875838,474.014477,437.548320,375.480442,321.820496,242.386445,165.507101,120.241003,60.098389,0.000000,56.371759,463.950968,425.260149,375.716193,308.468897,260.188456,181.415519,147.366347,74.732176,66.942368,100.329177,476.357256,414.920793,352.937273,307.191778,245.483145,217.138493,166.319964,107.803990,105.541932,119.585803,488.863412,426.275184,382.594604,330.052039,287.720904,222.273409,210.941287,176.473861,173.687639,171.669607,530.504982,462.507891,434.729885,377.110831,328.158967,291.664463,251.360945,233.617842,252.383442,263.331245,553.648772,485.550488,428.546840,390.554167,355.074372,340.614439,324.503834,280.894797,309.477617,313.040905,571.834732,525.979905,482.849950,459.644855,411.765327,381.443030,360.746493,344.515167,371.483578,381.744675,603.555489,565.727102,542.062815,496.684511,454.855998,438.310950,399.530534,419.238426,393.881156,423.033292,637.205314,577.164805,567.686149,553.706672,517.981102,504.545988,463.907069,460.008346,475.994310,484.142610
19,536.534873,489.533881,438.046174,371.182765,295.595450,250.627645,214.345409,131.122033,84.878527,75.466785,529.274386,492.435429,430.376247,376.911160,297.697957,220.763840,176.227720,115.943378,56.371759,0.000000,517.352310,478.258563,427.600112,361.101431,312.756778,230.052372,194.454760,105.768970,72.465416,50.403813,527.067675,465.170102,401.410745,354.692598,292.158312,261.263943,204.262526,126.700958,110.476590,88.450379,535.220817,472.600746,428.030041,370.633035,327.793184,256.713904,230.715815,184.523293,170.088159,140.737987,573.854732,505.762176,473.984924,413.336762,357.413359,314.255514,269.515361,234.093302,242.421942,235.668925,593.784964,524.733959,461.981780,419.634561,378.810084,355.732858,334.537786,279.588614,296.196968,289.735381,606.699361,558.279507,513.916754,484.159560,433.406625,396.054107,366.081238,339.614046,357.445771,358.215502,637.496409,596.960388,567.664026,516.598330,470.848741,446.789769,400.467486,412.736316,381.206897,398.629984,666.088845,603.024876,590.469363,570.095523,530.454518,508.801623,461.074339,451.533441,459.798448,462.297205
20,135.195759,134.484662,127.742128,197.330600,254.294818,315.754261,341.861689,426.260160,468.114371,516.380985,63.889567,52.493231,97.670302,148.744597,225.771714,300.123791,347.036904,404.675417,463.950968,517.352310,0.000000,40.205898,95.116327,156.755083,204.888885,292.301360,328.376758,423.789200,467.408592,545.920298,63.328243,83.887894,144.786556,187.077248,242.318245,277.709541,340.759143,428.382716,458.421808,527.387741,140.941896,137.288758,160.840717,229.131452,252.917345,320.019583,390.320411,439.458770,475.932138,551.243209,199.694206,179.239818,224.571460,255.943114,317.129152,363.570097,391.002715,468.899814,515.573627,590.196129,251.838391,235.006127,283.949923,318.232761,356.209122,411.614609,438.819255,486.784527,553.154277,600.766128,321.661567,325.615031,320.728662,372.581486,381.533177,424.096431,476.210837,527.206730,588.791277,644.389959,350.106604,356.300074,398.392589,426.333392,439.393550,486.654139,518.154279,572.840776,594.054256,676.886569,422.944952,415.017011,437.876202,485.074556,496.667550,550.203446,575.048711,608.416480,665.906029,705.502551
21,149.941027,136.026381,112.319206,172.556727,222.283779,283.406470,307.624081,390.032183,430.829111,479.157850,86.478846,55.417393,70.158875,115.364908,189.432891,262.357617,309.324550,366.281265,425.260149,478.258563,40.205898,0.000000,55.127514,117.233581,165.533424,252.345948,288.474569,383.908522,427.517211,506.190836,70.378590,55.820528,107.480290,147.811890,202.179394,237.559893,300.561134,388.203352,418.241861,487.255177,137.317390,116.024443,130.221099,194.011099,215.059878,280.554277,351.055809,399.604349,435.979704,511.056810,198.890859,165.130596,203.127539,226.228930,282.983493,327.204590,352.915528,429.981775,476.692496,550.701912,249.269888,221.546171,259.761657,289.183941,323.698234,377.411579,403.383926,449.002911,515.286624,562.194371,314.713399,311.715794,301.561149,348.400160,352.788328,392.078784,441.854417,491.047313,552.309797,606.957444,345.108824,345.356237,381.427309,403.167907,412.107603,456.472551,484.736894,538.833568,558.322517,640.063868,415.505628,400.881219,421.068696,463.948168,471.868111,521.952466,543.303653,575.295849,631.607335,670.245780
22,188.151118,162.210992,120.262205,157.285625,189.949057,248.785273,268.728382,346.188090,384.505659,432.799188,135.009873,97.389692,69.122136,87.532167,148.166256,216.002505,262.677757,317.657090,375.716193,427.600112,95.116327,55.127514,0.000000,68.145657,115.758058,199.520198,235.766372,331.112453,374.635221,453.759510,102.593519,48.007783,57.495703,93.191157,147.256061,182.658856,245.883699,334.054073,364.075183,433.359194,143.739788,98.920885,93.183713,145.425736,161.991295,225.588973,296.205464,344.476979,380.863920,456.265205,203.419096,153.288437,177.008411,185.799739,234.746230,275.619812,299.181952,375.375977,422.100888,495.679070,248.752254,206.763893,227.141738,248.489505,277.471678,328.489284,352.746143,395.489298,461.630115,507.840408,305.899356,293.062415,275.447981,314.031520,311.723846,346.064638,392.488826,439.325997,500.133734,553.694135,338.293294,330.169825,356.997714,369.582060,372.579317,412.626417,436.458226,489.665930,507.012005,587.431300,404.011011,380.189309,396.319180,432.653453,435.369581,480.415929,497.028937,527.169895,581.918614,619.365444
23,215.112424,177.160979,122.369340,121.677951,130.910419,186.026080,202.882438,278.225996,316.379262,364.682833,180.339665,140.830674,84.603188,54.006930,82.711194,147.858279,194.544751,249.963871,308.468897,361.101431,156.755083,117.233581,68.145657,0.000000,48.348515,136.070731,171.915211,267.217391,310.840486,389.178910,170.629511,112.595975,73.473411,67.161699,95.004874,128.507883,188.540367,273.547120,303.524993,371.777546,202.877323,147.472014,120.684786,136.936834,134.275137,179.934894,250.222725,292.410704,327.354999,398.389611,258.584215,199.366701,206.022539,191.741271,218.891982,247.304104,260.943485,330.409283,376.751416,445.592430,298.710844,246.154456,243.179986,249.266936,264.744316,306.931687,325.468060,356.615201,421.332782,463.427436,346.943340,324.246034,298.150121,323.071036,308.916599,331.500629,368.204550,406.991503,465.527331,514.437888,380.388447,364.037090,379.102750,378.155621,370.855897,401.384887,414.366873,464.465167,475.283241,550.468996,440.127988,406.431366,417.036173,443.345487,437.646652,472.714897,479.006450,504.285967,554.366194,588.073933
24,251.650739,209.733679,153.039750,126.536065,106.332168,152.069174,162.981183,232.653550,269.189519,317.403402,224.640960,185.623659,125.767661,79.787697,51.145318,101.483580,147.548938,201.904228,260.188456,312.756778,204.888885,165.533424,115.758058,48.348515,0.000000,89.639492,124.802340,219.705648,263.294272,341.250494,217.585798,157.752726,105.837901,75.532969,64.744548,91.649528,146.089674,227.879044,257.690907,325.179326,242.948779,183.695330,148.818114,140.239689,122.555631,147.924060,215.443340,252.317719,285.906814,353.774828,295.110876,231.807054,227.904815,199.534715,209.087489,226.524462,231.950982,294.972717,340.516909,405.651428,331.110367,272.892463,254.847826,250.107063,255.117695,289.361050,303.191424,325.245497,388.215165,427.153721,372.509145,343.535262,312.351937,327.157320,305.005069,318.455804,347.288806,379.674037,435.991323,481.333353,406.193750,384.393258,391.055775,380.652133,366.193649,389.331315,394.307948,441.568529,447.675110,518.705333,461.001136,420.815308,427.390163,446.247958,434.669207,462.166593,461.045878,482.629964,529.038544,559.954733
25,338.352269,294.553806,238.077826,194.069422,139.301722,150.191346,139.780955,175.800578,200.864163,247.101472,314.271606,275.254918,215.189986,166.504513,101.337395,66.278095,91.224097,128.672163,181.415519,230.052372,292.301360,252.345948,199.520198,136.070731,89.639492,0.000000,36.250924,131.629900,175.206294,254.243966,297.284302,235.230185,171.676274,125.809761,65.033316,45.837674,61.944496,138.262994,168.051875,235.769308,307.608180,245.099445,202.067178,158.111098,119.844380,90.775021,142.923300,168.563478,199.762514,264.438926,351.160691,283.615184,262.232243,213.198697,188.990899,182.183003,170.159979,217.901910,261.210426,320.507552,378.092978,312.272171,269.053652,245.186942,229.967547,246.111239,250.085484,254.422579,313.094304,346.746619,405.189147,365.767693,326.941380,322.346917,286.711304,282.084118,294.738618,314.515543,365.943083,405.088247,438.230310,406.911888,397.709723,370.213449,343.103590,351.559816,341.700788,382.710182,380.637216,444.144952,482.121520,430.909332,429.751315,434.152373,412.069561,424.882554,410.456289,425.120055,464.609092,490.667521
26,370.391115,325.719197,269.709172,219.943724,157.352526,154.161048,135.431516,152.100063,170.957861,215.678764,349.042398,310.259207,249.617192,199.554303,128.839549,71.948298,75.824839,98.476024,147.366347,194.454760,328.376758,288.474569,235.766372,171.915211,124.802340,36.250924,0.000000,95.437571,139.042700,217.994560,333.339133,271.213296,206.956718,160.400843,98.215903,70.846749,46.420133,104.478227,133.778996,200.427984,341.689894,279.064024,235.230435,185.445517,144.480860,95.673486,130.018524,143.897729,171.740009,231.258363,383.361316,315.460013,290.409317,237.073371,202.418801,184.926945,163.420621,198.176550,238.854767,292.471952,408.065336,340.980131,291.542395,262.019628,239.459605,246.638879,245.269579,238.538712,293.237135,322.618299,431.193425,389.109917,348.456279,337.342279,297.299620,284.914503,289.100185,301.223371,348.920226,383.611919,463.792616,429.903110,415.638159,382.286683,350.524332,352.293365,335.160210,372.182904,365.348091,423.566033,504.051358,449.652207,445.817416,444.756360,418.666884,424.828325,404.050708,414.884520,450.150279,473.160263
27,459.899325,414.061844,359.265032,301.520913,230.245099,203.501695,171.705804,129.812850,117.937611,149.480003,442.909772,404.508303,343.260763,291.745272,216.175775,143.648549,111.770943,70.928061,74.732176,105.768970,423.789200,383.908522,331.112453,267.217391,219.705648,131.629900,95.437571,0.000000,43.624056,122.831519,427.767300,365.508197,299.882660,252.495971,189.810487,157.269383,98.530366,37.138685,51.592556,107.799654,431.317437,368.833521,323.832302,264.932531,222.075587,151.520761,136.390936,107.577875,114.954456,146.859451,468.518477,400.460200,368.228594,307.979591,255.017373,216.988564,176.877802,167.511066,194.280715,224.692205,488.016104,418.990517,357.601808,317.470323,280.586282,266.353357,251.658500,214.657171,252.380349,266.534328,501.908213,454.508654,410.725222,385.389966,337.105134,307.178906,289.525976,279.560246,313.567657,333.438486,533.068338,493.759243,468.104072,421.964442,380.302080,365.445786,330.195277,354.413784,334.329179,374.854928,564.303810,503.293260,493.223728,479.062922,443.892563,433.025166,396.245570,396.202139,418.465317,432.138636
28,501.960028,455.846128,401.496624,341.794779,268.995935,236.634180,202.619894,142.986221,115.445488,133.264479,486.221561,447.925105,386.559701,334.757671,258.394520,184.277107,147.881613,95.763354,66.942368,72.465416,467.408592,427.517211,374.635221,310.840486,263.294272,175.206294,139.042700,43.624056,0.000000,79.835881,470.860283,408.577869,342.538132,294.999994,232.432214,199.165238,138.133003,54.514239,40.507408,67.327545,472.587109,410.284138,365.022058,303.691520,260.872916,187.194648,158.293742,114.589939,107.259023,113.086956,508.054172,440.147700,405.566871,343.529707,285.499057,241.793234,197.332113,168.768149,185.499446,199.957221,525.543174,456.097896,390.912979,347.574950,306.344719,284.364072,264.747908,215.713352,242.535566,247.550040,535.864599,486.721567,442.118337,411.694213,361.047461,324.905106,298.523966,278.576911,304.541271,316.026894,566.315635,525.115426,495.204467,444.486791,399.458434,377.933809,335.505375,353.097080,326.969451,357.430746,593.824782,530.567851,518.084386,498.711204,460.175693,442.119254,398.738978,393.564413,409.074275,417.830868
29,574.343321,527.673627,474.640531,410.897073,336.055566,295.129616,259.135038,179.884242,135.037720,122.449575,562.446395,524.647796,462.891299,410.264201,332.277115,256.119268,214.528864,155.383540,100.329177,50.403813,545.920298,506.190836,453.759510,389.178910,341.250494,254.243966,217.994560,122.831519,79.835881,0.000000,550.563366,488.292248,422.367786,374.835814,312.259063,278.958019,217.402465,129.761501,104.432141,51.850836,552.057118,489.856764,444.502679,381.837449,339.179763,263.967272,224.953302,171.161134,147.692748,97.842292,586.419881,518.690365,482.338423,418.977877,356.681263,308.049171,260.595064,211.178758,210.728122,191.806380,602.227985,532.542926,463.987624,417.673784,372.270600,341.700757,316.514070,253.551535,260.618365,247.618116,609.000468,558.160555,512.888561,476.881460,424.020861,380.834552,343.464162,309.374112,320.369404,315.215389,638.593508,595.431202,560.662370,504.649100,455.830931,425.588000,373.768964,380.266860,344.767106,354.851377,661.699441,596.013336,580.581677,554.495820,511.765448,483.525624,430.792610,417.274272,420.381828,419.548619
30,198.274228,196.534971,181.492608,242.655418,288.437148,348.741083,370.460565,448.779447,486.735726,534.977298,126.440963,112.978699,140.390141,181.919921,250.204111,318.436037,364.974049,419.058954,476.357256,527.067675,63.328243,70.378590,102.593519,170.629511,217.585798,297.284302,333.339133,427.767300,470.860283,550.563366,0.000000,62.288951,129.792568,177.322286,238.891217,273.457926,337.077719,426.856735,456.571300,526.465944,78.197894,89.862286,126.327382,200.514016,232.577391,306.528685,374.112535,427.652674,464.951982,544.582479,136.372430,121.178962,172.002904,214.187294,283.072692,334.900796,368.394396,449.552109,495.585181,573.765700,188.515422,175.273485,233.178845,273.797555,317.624888,376.130824,406.283804,461.728958,527.918873,578.494398,258.750138,265.306702,264.175724,320.556320,335.651033,383.581415,440.421587,496.006647,558.195873,616.843859,286.871615,294.468277,339.577270,372.721456,390.749151,442.149289,479.787717,535.480761,561.114398,646.966369,359.991029,354.431703,378.779470,429.130474,444.447824,502.226771,532.825485,568.835211,628.769917,670.676399
31,205.736094,189.401702,157.206491,203.429736,237.836650,296.271733,315.162964,390.190967,426.713281,474.819566,141.101979,111.123388,107.660326,135.139477,194.596717,259.182316,305.260029,358.154864,414.920793,465.170102,83.887894,55.820528,48.007783,112.595975,157.752726,235.230185,271.213296,365.508197,408.577869,488.292248,62.288951,0.000000,68.287961,115.404816,176.640775,211.315073,274.991435,364.691660,394.450367,464.316090,96.282148,61.014277,76.965338,146.603207,174.265552,246.168367,314.847343,367.173800,404.329322,483.147446,156.864346,112.835891,147.437982,172.423011,233.662024,281.664517,311.803058,391.682186,438.076135,514.965229,203.983436,168.651203,204.015751,235.043875,272.330108,328.067516,355.912287,406.635618,473.032502,522.151662,264.946785,257.936160,246.082638,292.702210,298.536830,340.216847,392.680805,444.791762,506.633066,563.390778,296.486143,292.878494,326.348886,347.386220,357.232543,403.142864,434.346642,489.154383,511.222076,595.032524,364.751305,346.713185,365.978620,408.143597,416.317346,467.540594,491.208654,524.556528,582.286063,622.301129
32,245.483001,217.645327,171.133890,191.256213,203.518764,255.979129,268.793357,335.699801,368.587857,416.121374,191.526841,154.656132,121.477853,119.415173,152.212504,204.944317,248.995938,298.089167,352.937273,401.410745,144.786556,107.480290,57.495703,73.473411,105.837901,171.676274,206.956718,299.882660,342.538132,422.367786,129.792568,68.287961,0.000000,47.702992,110.110516,144.033515,207.470999,297.362081,326.975245,396.906820,138.353034,77.903405,47.388617,87.977325,108.150663,178.047401,247.211418,298.958541,336.076743,414.934580,189.278122,127.015497,133.694781,130.604442,177.335780,219.754551,246.250411,324.845108,371.416946,447.404939,226.576766,172.681645,176.374042,192.562688,219.992556,271.278630,296.246436,342.004850,408.369165,456.217608,273.475104,252.084917,228.660460,260.952122,255.373820,288.581203,335.439740,383.604621,444.829821,499.721621,306.915049,291.393244,310.252782,316.580882,316.640277,355.365049,379.140811,432.583573,450.981776,532.612338,367.208414,336.046822,348.929834,380.660273,380.570863,423.629337,439.533491,469.843417,525.036510,563.069452
33,272.915473,239.083489,186.643107,187.227043,181.313529,226.905215,234.672300,294.764726,325.077258,372.095586,226.924995,188.100261,142.526301,121.147471,126.483195,165.975157,207.642241,253.680202,307.191778,354.692598,187.077248,147.811890,93.191157,67.161699,75.532969,125.809761,160.400843,252.495971,294.999994,374.835814,177.322286,115.404816,47.702992,0.000000,62.708451,96.331145,159.798649,249.668787,279.305769,349.229199,181.854574,119.474138,78.116668,70.090995,71.092049,132.977060,203.274380,253.092150,289.959070,367.867187,227.723621,161.562325,152.589058,126.944311,152.633887,185.885376,206.360607,282.219635,328.940724,403.133450,259.500981,198.640116,180.815590,182.539261,198.165454,242.854204,263.942741,302.765860,368.756062,414.650932,297.532710,268.042638,237.680322,257.385654,241.768205,265.511598,305.457399,348.563544,408.686778,461.087490,331.215289,308.867433,317.283845,312.098528,303.703691,334.943751,350.876712,402.383310,416.628076,495.393767,385.473141,346.278221,354.334425,377.497837,370.627934,405.892978,414.285222,441.306250,493.558715,529.329075
34,309.720793,270.186401,214.047650,190.990776,159.714034,191.252197,190.702040,239.207865,265.871839,312.109979,273.944759,234.349888,179.604585,141.118122,106.832928,116.926604,152.803607,193.702284,245.483145,292.158312,242.318245,202.179394,147.256061,95.004874,64.744548,65.033316,98.215903,189.810487,232.432214,312.259063,238.891217,176.640775,110.110516,62.708451,0.000000,35.405221,98.928705,188.178972,218.042257,287.806015,243.474702,180.848242,137.234131,97.103698,65.748359,85.370994,155.258964,198.589279,234.352529,309.036982,286.136140,218.588635,199.047431,155.339418,148.974084,161.944531,168.237055,235.436306,281.748081,351.287024,313.522119,248.508423,211.966909,196.752259,194.256199,225.166674,238.446908,262.818897,326.921618,368.431266,343.293826,306.713954,270.357953,274.824711,246.915078,255.480241,282.568466,315.677516,372.817608,420.095044,376.633538,348.010069,345.050383,326.260003,306.983557,326.418137,329.617773,376.871921,383.824193,456.672652,424.045816,376.917256,379.311935,391.548634,375.998862,399.592171,396.529088,417.889124,464.682753,496.337593
35,341.790932,300.938951,244.364591,213.598929,171.144240,191.784934,184.513900,220.116711,241.726813,286.483041,308.405356,268.811001,212.767182,171.030626,123.506335,110.029571,136.825663,169.193965,217.138493,261.263943,277.709541,237.559893,182.658856,128.507883,91.649528,45.837674,70.846749,157.269383,199.165238,278.958019,273.457926,211.315073,144.033515,96.331145,35.405221,0.000000,63.735747,153.400197,183.135572,253.009883,274.139972,211.599832,166.787828,114.727335,74.704894,57.541579,123.818832,163.982155,199.363091,273.634003,313.455456,245.412091,219.629349,168.041235,144.500433,144.414265,141.948517,203.549606,249.389574,317.086048,337.258444,270.153547,223.572527,199.553826,186.910298,208.780874,217.358951,233.820142,296.565638,336.106945,361.159229,320.586773,281.308916,276.945101,242.802561,242.587970,262.058779,289.587517,344.876253,389.687581,393.981190,361.648725,351.888948,325.522729,300.438136,313.000722,309.315627,353.913252,357.249243,427.099056,436.626465,385.072080,384.086038,389.861082,369.591514,386.491824,377.372184,395.673914,439.531332,469.146712
